"ORF"	"Length"	"uATGs"	"FE_atg"	"FE_cap"	"utr"	"utr_gc"	"polyA"	"RPF"
"YAL001C"	1160	NA	-4.9	NA	NA	NA	21.4	13.833
"YAL002W"	1274	1	-0.7	-7	136	0.352941176470588	30.5	7.297
"YAL003W"	206	0	0	-1.5	22	0.363636363636364	23.7	4093.923
"YAL007C"	215	0	-3.2	-9.4	76	0.381578947368421	22.2	233.108
"YAL008W"	198	0	-1.4	-9.3	49	0.408163265306122	28.7	88.759
"YAL009W"	259	0	-1.7	-18	26	0.384615384615385	34.9	14.614
"YAL010C"	493	0	-0.4	-5.5	42	0.380952380952381	30.4	9.827
"YAL011W"	625	0	-0.3	-9	15	0.333333333333333	33.9	6.872
"YAL012W"	394	0	0	-1.5	65	0.4	28.7	802.533
"YAL013W"	405	0	-2.8	-8	19	0.263157894736842	30.2	34.342
"YAL014C"	255	1	-2.5	-13.3	49	0.408163265306122	38.4	37.072
"YAL015C"	399	NA	0	NA	NA	NA	10.2	13.621
"YAL016W"	635	0	-1.2	-6.9	88	0.375	24.3	152.875
"YAL017W"	1356	NA	-1.6	NA	NA	NA	0.7	20.742
"YAL018C"	325	NA	0	NA	NA	NA	NA	0
"YAL019W"	1131	0	0	-13.4	111	0.333333333333333	22	26.658
"YAL020C"	333	NA	-3.6	NA	NA	NA	NA	16.659
"YAL021C"	837	NA	-0.1	NA	NA	NA	31.1	65.365
"YAL022C"	517	0	-2.3	-11.7	17	0.294117647058824	35.8	50.903
"YAL023C"	759	0	-0.9	-5.9	89	0.370786516853933	23.9	217.358
"YAL024C"	1435	NA	-1.3	NA	NA	NA	19.5	4.913
"YAL025C"	306	0	-1.3	-7.2	24	0.333333333333333	32.5	85.539
"YAL026C"	1355	NA	-4.7	NA	NA	NA	NA	36.632
"YAL027W"	261	1	-3.3	-4.9	81	0.37037037037037	31.3	13.528
"YAL028W"	528	NA	-0.9	NA	NA	NA	44.8	3.398
"YAL029C"	1471	NA	0	NA	NA	NA	26.4	20.749
"YAL030W"	117	0	-3.1	-11	23	0.347826086956522	24.2	157.208
"YAL031C"	760	NA	-0.2	NA	NA	NA	28.5	12.547
"YAL032C"	379	0	-5.7	-5	21	0.333333333333333	37.4	18.574
"YAL033W"	173	NA	0	NA	NA	NA	27.7	73.765
"YAL034C"	413	NA	-1	NA	NA	NA	NA	5.955
"YAL034W-A"	289	0	-0.4	-9	45	0.377777777777778	30.1	11.576
"YAL035W"	1002	0	-0.7	-4	27	0.37037037037037	21.4	275.33
"YAL036C"	369	NA	-2.6	NA	NA	NA	20.5	161.482
"YAL037C-A"	30	NA	-4.8	NA	NA	NA	NA	0
"YAL037W"	267	NA	-2.1	NA	NA	NA	NA	1.727
"YAL038W"	500	0	0	-4	28	0.392857142857143	19	14690.93
"YAL039C"	269	0	0	-3.2	57	0.385964912280702	32	39.638
"YAL040C"	580	1	0	-8.8	322	0.397515527950311	30.1	20.62
"YAL041W"	854	0	-0.9	-13.7	33	0.393939393939394	21.1	32.013
"YAL042W"	415	0	0	-11.7	17	0.294117647058824	26.9	154.993
"YAL043C"	785	NA	0	NA	NA	NA	3.3	34.089
"YAL044C"	170	0	0	-7.3	10	0.5	25.3	608.647
"YAL044W-A"	110	0	0	-12.7	2	1	34.2	118.19
"YAL046C"	118	NA	0	NA	NA	NA	NA	90.552
"YAL047C"	622	NA	0	NA	NA	NA	NA	11.081
"YAL048C"	662	0	-4	-13.2	2	1	NA	12.112
"YAL049C"	246	NA	0	NA	NA	NA	27.5	99.897
"YAL051W"	1047	0	-0.3	-8.8	26	0.384615384615385	33	14.331
"YAL053W"	783	NA	0	NA	NA	NA	29.3	59.772
"YAL054C"	713	NA	-0.4	NA	NA	NA	NA	2.387
"YAL055W"	180	0	0	-3.4	1	1	30.4	21.868
"YAL056W"	880	NA	0	NA	NA	NA	22.9	10.564
"YAL058W"	502	NA	0	NA	NA	NA	28.8	20.047
"YAL059W"	212	NA	-1.9	NA	NA	NA	NA	47.376
"YAL060W"	382	NA	-2.1	NA	NA	NA	NA	136.826
"YAL061W"	417	NA	-1	NA	NA	NA	NA	33.266
"YAL067C"	593	NA	0	NA	NA	NA	NA	1.964
"YAR002C-A"	219	NA	-0.3	NA	NA	NA	NA	353.892
"YAR002W"	539	0	-1.1	-3.9	43	0.372093023255814	25.1	75.241
"YAR003W"	426	0	0	-11.5	86	0.383720930232558	35.3	19.185
"YAR007C"	621	NA	0	NA	NA	NA	27	91.946
"YAR008W"	275	NA	-2.2	NA	NA	NA	28.2	17.918
"YAR014C"	709	0	-4.7	-11.8	151	0.357615894039735	33.9	37.21
"YAR015W"	306	0	0	-12.6	104	0.336538461538462	27.4	145.939
"YAR018C"	435	NA	-3.3	NA	NA	NA	NA	21.454
"YAR019C"	974	0	-2	-10.3	34	0.382352941176471	20.6	6.649
"YAR023C"	179	NA	-2.2	NA	NA	NA	57	1.948
"YAR027W"	235	NA	0	NA	NA	NA	NA	79.387
"YAR028W"	234	NA	-4.5	NA	NA	NA	32.4	40.612
"YAR029W"	74	NA	0	NA	NA	NA	NA	0.6
"YAR035W"	687	NA	0	NA	NA	NA	NA	2.94
"YAR042W"	1188	NA	0	NA	NA	NA	NA	21.013
"YBL001C"	104	0	-2.1	-9.2	62	0.403225806451613	20.2	589.655
"YBL002W"	131	0	0	-2.8	24	0.333333333333333	24.7	1646.809
"YBL004W"	2493	NA	-0.4	NA	NA	NA	22.5	31.106
"YBL005W"	976	NA	-3	NA	NA	NA	41.1	8.829
"YBL006C"	180	NA	-2.2	NA	NA	NA	30.8	76.953
"YBL007C"	1244	0	-1.4	-11.9	50	0.42	28.5	141.51
"YBL008W"	840	NA	-4.6	NA	NA	NA	26.1	12.392
"YBL008W-A"	79	NA	-3.3	NA	NA	NA	NA	16.502
"YBL009W"	676	1	-2.2	-10.5	38	0.394736842105263	32.1	25.228
"YBL010C"	280	0	-1.4	-14.4	3	0.666666666666667	20.7	22.938
"YBL011W"	759	1	-1.9	-9.7	102	0.343137254901961	19.2	32.705
"YBL013W"	401	0	-0.1	-3.5	67	0.388059701492537	4.7	9.776
"YBL014C"	894	NA	-2.4	NA	NA	NA	NA	4.543
"YBL015W"	526	0	0	-4.3	93	0.354838709677419	21.5	42.735
"YBL016W"	353	NA	0	NA	NA	NA	NA	50.365
"YBL017C"	1579	NA	-1.2	NA	NA	NA	NA	74.17
"YBL018C"	133	1	-0.1	-9.6	34	0.382352941176471	27.9	69.473
"YBL019W"	520	0	-2.4	-13.3	33	0.393939393939394	35.3	7.506
"YBL020W"	574	0	-1.5	-9.5	56	0.392857142857143	40.4	21.659
"YBL021C"	144	0	-1.7	-7.1	48	0.395833333333333	32.1	33.544
"YBL022C"	1133	0	-1.3	-11.9	120	0.358333333333333	19.7	79.504
"YBL023C"	868	NA	0	NA	NA	NA	NA	31.506
"YBL024W"	684	NA	-1.6	NA	NA	NA	28.7	144.903
"YBL025W"	145	0	0	-5.1	49	0.408163265306122	NA	26.939
"YBL026W"	95	NA	-1.7	NA	NA	NA	30.5	247.169
"YBL028C"	106	0	-1.4	-6.9	28	0.392857142857143	30	194.826
"YBL029C-A"	94	1	0	-7.6	118	0.355932203389831	24.3	82.642
"YBL029W"	376	NA	0	NA	NA	NA	6.1	7.625
"YBL030C"	318	0	-0.7	-3.9	141	0.354609929078014	23.3	726.305
"YBL031W"	338	0	0	-9.8	31	0.419354838709677	37.4	13.507
"YBL032W"	381	NA	0	NA	NA	NA	21.4	188.779
"YBL033C"	345	0	0	-1.5	29	0.379310344827586	27.6	54.339
"YBL034C"	1513	NA	-6.4	NA	NA	NA	NA	10.748
"YBL035C"	705	NA	-1.6	NA	NA	NA	29.1	29.797
"YBL036C"	257	0	-2.4	-6.2	17	0.294117647058824	32.9	134.075
"YBL037W"	1025	NA	-0.6	NA	NA	NA	21.1	19.912
"YBL038W"	232	0	-1.6	-10.2	75	0.373333333333333	25.9	79.688
"YBL039C"	579	NA	0	NA	NA	NA	27.6	231.586
"YBL039W-B"	59	0	-0.5	-11.4	73	0.383561643835616	44.2	26.62
"YBL040C"	219	0	-2.1	-7.4	29	0.379310344827586	24	156.849
"YBL041W"	241	0	-0.4	-8	32	0.40625	33.5	330.437
"YBL042C"	639	0	-1.6	-6.4	57	0.385964912280702	23.7	46.081
"YBL043W"	257	NA	-3	NA	NA	NA	NA	1.989
"YBL044W"	122	NA	-3.9	NA	NA	NA	NA	1.963
"YBL045C"	457	0	0	-8	98	0.357142857142857	24.5	182.74
"YBL046W"	441	0	-1.3	-8.5	9	0.555555555555556	23.6	21.411
"YBL047C"	1381	NA	0	NA	NA	NA	NA	119.226
"YBL049W"	138	0	-2.1	-6.2	206	0.378640776699029	27.3	4.928
"YBL050W"	292	0	-1.4	-7.2	68	0.382352941176471	29.8	140.389
"YBL051C"	668	0	-0.3	-8.6	64	0.40625	26	97.322
"YBL052C"	831	NA	-1.4	NA	NA	NA	30.1	5.908
"YBL054W"	525	NA	-0.4	NA	NA	NA	NA	19.498
"YBL055C"	418	NA	0	NA	NA	NA	1.3	25.55
"YBL056W"	468	NA	0	NA	NA	NA	0.3	125.24
"YBL057C"	208	NA	-2.1	NA	NA	NA	NA	79.72
"YBL058W"	423	0	0	-9.3	42	0.380952380952381	29.5	196.5
"YBL059C-A"	109	NA	0	NA	NA	NA	NA	84.907
"YBL059W"	193	NA	-2.4	NA	NA	NA	26.9	18.954
"YBL060W"	687	NA	-0.2	NA	NA	NA	36.9	5.802
"YBL061C"	696	0	0	-8.6	101	0.346534653465347	23.4	27.27
"YBL063W"	1111	0	-1.4	-10.5	18	0.277777777777778	27.6	7.772
"YBL064C"	261	0	-0.3	-8.8	13	0.384615384615385	26.8	130.967
"YBL066C"	1148	1	-3.4	-11.6	68	0.382352941176471	26.6	4.814
"YBL067C"	747	0	-3.2	-8.9	268	0.369402985074627	34.8	16.824
"YBL068W"	326	NA	-1.5	NA	NA	NA	30.1	90.555
"YBL069W"	429	NA	-1.8	NA	NA	NA	34.1	50.937
"YBL071C-B"	32	NA	-1.6	NA	NA	NA	NA	3.356
"YBL071W-A"	82	0	-0.2	-4.6	44	0.363636363636364	37	146.764
"YBL074C"	355	0	-2.8	-9.2	15	0.333333333333333	NA	14.061
"YBL075C"	649	NA	-0.2	NA	NA	NA	43.1	0.572
"YBL076C"	1072	0	-1.1	-9.3	18	0.277777777777778	21	543.906
"YBL078C"	117	NA	0	NA	NA	NA	6.5	63.535
"YBL079W"	1502	0	-0.3	-9.7	95	0.357894736842105	25.8	25.2
"YBL080C"	541	0	-1.2	-12	17	0.294117647058824	30.3	9.371
"YBL082C"	458	NA	0	NA	NA	NA	33	30.507
"YBL085W"	980	0	0	-4.3	209	0.382775119617225	19.3	26.6
"YBL086C"	466	NA	-2.2	NA	NA	NA	NA	19.287
"YBL088C"	2787	NA	0	NA	NA	NA	42.1	1.01
"YBL089W"	459	NA	-1.7	NA	NA	NA	NA	20.486
"YBL090W"	177	0	0	-6.3	32	0.40625	32.2	66.62
"YBL091C"	421	0	-7.4	-8.6	32	0.40625	26.6	185.457
"YBL091C-A"	175	0	0	-10.9	14	0.357142857142857	25	32.095
"YBL092W"	130	10	0	-5.6	366	0.407103825136612	19.4	6959.525
"YBL093C"	220	0	0	-5.7	81	0.37037037037037	31.1	55.436
"YBL095W"	270	2	-2.3	-7.4	45	0.377777777777778	38.9	13.483
"YBL097W"	754	NA	-1.7	NA	NA	NA	NA	13.209
"YBL098W"	460	0	-4.2	-11.8	31	0.419354838709677	26.3	40.772
"YBL099W"	545	NA	0	NA	NA	NA	0.8	653.267
"YBL101C"	1117	NA	-4.2	NA	NA	NA	NA	18.536
"YBL102W"	215	0	0	-13	107	0.327102803738318	26.5	131.828
"YBL103C"	486	NA	-3.7	NA	NA	NA	0	24.801
"YBL104C"	1038	0	0	-10.8	26	0.384615384615385	23.7	11.098
"YBL105C"	1151	NA	0	NA	NA	NA	NA	23.87
"YBL106C"	1010	NA	0	NA	NA	NA	19.5	6.84
"YBL107C"	196	0	0	-7.9	1	1	32.7	41.213
"YBR001C"	780	NA	-1.8	NA	NA	NA	NA	28.222
"YBR002C"	286	0	0	-10.3	1	1	29.5	27.339
"YBR003W"	473	0	-6.9	-14.7	30	0.4	21.4	31.351
"YBR004C"	433	0	0	-6.6	17	0.294117647058824	36.5	26.755
"YBR005W"	213	0	0	-5.8	36	0.416666666666667	37.7	24.652
"YBR006W"	497	NA	0	NA	NA	NA	NA	28.509
"YBR007C"	736	NA	-4.6	NA	NA	NA	23.1	12.368
"YBR008C"	548	4	-2.3	-8.4	219	0.378995433789954	52.6	0
"YBR011C"	287	0	-0.7	-4.2	32	0.40625	29.9	2663.266
"YBR013C"	129	NA	-1.3	NA	NA	NA	NA	44.473
"YBR014C"	203	NA	-0.8	NA	NA	NA	NA	129.365
"YBR015C"	597	0	0	-9.4	94	0.361702127659574	26.1	105.743
"YBR016W"	128	NA	-0.6	NA	NA	NA	26.7	241.965
"YBR017C"	918	NA	-1.9	NA	NA	NA	29.2	68.262
"YBR018C"	366	NA	-1	NA	NA	NA	NA	0.569
"YBR019C"	699	NA	-1.9	NA	NA	NA	NA	0.989
"YBR020W"	528	NA	-0.4	NA	NA	NA	NA	0
"YBR021W"	633	NA	-4.3	NA	NA	NA	NA	14.078
"YBR022W"	177	0	-0.5	-4.3	15	0.333333333333333	33.1	41.883
"YBR023C"	1165	NA	-2	NA	NA	NA	21.2	39.482
"YBR024W"	301	NA	-0.5	NA	NA	NA	19.8	30.847
"YBR025C"	394	0	0	-4.8	22	0.363636363636364	25.1	987.325
"YBR026C"	380	0	0	-3.2	4	0.75	26.6	122.968
"YBR028C"	525	1	-5.5	-8.6	101	0.346534653465347	33.1	29.045
"YBR029C"	457	0	0	-8.8	81	0.37037037037037	36.8	132.86
"YBR030W"	552	2	0	-12.7	90	0.366666666666667	36.2	11.392
"YBR033W"	919	NA	-0.2	NA	NA	NA	NA	0.815
"YBR034C"	348	0	0	-4.7	30	0.4	22.9	100.767
"YBR035C"	228	0	-1.7	-8	28	0.392857142857143	27.2	369.799
"YBR036C"	410	NA	0	NA	NA	NA	27.5	138.309
"YBR037C"	295	NA	0	NA	NA	NA	31.9	44.017
"YBR038W"	963	0	0	-7.2	38	0.394736842105263	30.4	59.959
"YBR039W"	311	0	-1	-9	88	0.375	26.2	341.919
"YBR040W"	298	NA	0	NA	NA	NA	NA	2.076
"YBR041W"	669	0	0	-3.6	54	0.407407407407407	22.9	55.498
"YBR042C"	397	NA	-3.9	NA	NA	NA	34.2	37.243
"YBR043C"	689	2	-4	-8.3	150	0.353333333333333	46.2	14.04
"YBR044C"	572	NA	-1.7	NA	NA	NA	35.8	10.543
"YBR045C"	639	NA	-4	NA	NA	NA	NA	1.411
"YBR046C"	334	0	-0.3	-1.6	32	0.40625	24.3	99.977
"YBR047W"	175	1	-4.3	-7.4	54	0.407407407407407	33.1	50.557
"YBR049C"	810	0	0	-4.8	150	0.353333333333333	26.2	75.336
"YBR050C"	338	3	0	-10.1	179	0.385474860335196	38	0.921
"YBR052C"	210	0	0	-0.3	65	0.4	38.2	264.429
"YBR053C"	358	0	-1.5	-10.4	13	0.384615384615385	32.9	101.855
"YBR054W"	344	0	-0.5	-1.5	315	0.393650793650794	29.1	227.466
"YBR055C"	899	NA	0	NA	NA	NA	28.2	18.549
"YBR056W"	501	0	0	-2.2	38	0.394736842105263	24.7	83.709
"YBR057C"	366	NA	-2.6	NA	NA	NA	32.5	37.557
"YBR058C"	781	0	-2.3	-7.4	23	0.347826086956522	25.5	44.293
"YBR058C-A"	80	0	-0.3	-3.5	45	0.377777777777778	31	306.923
"YBR059C"	1108	0	-1.2	-9.1	151	0.357615894039735	25.8	38.143
"YBR060C"	620	NA	-3	NA	NA	NA	35.5	20.265
"YBR061C"	310	0	0	-2.9	8	0.625	26.1	51.661
"YBR062C"	180	NA	0	NA	NA	NA	NA	43.459
"YBR063C"	404	NA	0	NA	NA	NA	NA	0
"YBR065C"	364	0	0	-3.6	32	0.40625	18.3	22.739
"YBR066C"	220	NA	0	NA	NA	NA	31.1	50.605
"YBR067C"	210	NA	0	NA	NA	NA	28.1	1033.459
"YBR068C"	609	0	-0.2	-14.4	15	0.333333333333333	31.8	223.266
"YBR069C"	619	0	0	-11	106	0.330188679245283	30.8	84.613
"YBR070C"	237	0	-3.6	-13.9	22	0.363636363636364	34.5	36.269
"YBR071W"	211	0	-1.1	-3.5	73	0.383561643835616	39	70.539
"YBR072C-A"	53	NA	-0.4	NA	NA	NA	NA	2.344
"YBR072W"	214	0	0	-2.8	75	0.373333333333333	24.3	113.283
"YBR073W"	958	NA	-3.2	NA	NA	NA	NA	32.619
"YBR074W"	976	0	0	-8.2	6	0.666666666666667	27.1	40.966
"YBR076W"	354	NA	-1.5	NA	NA	NA	NA	0.147
"YBR077C"	162	NA	-2.1	NA	NA	NA	NA	110.3
"YBR078W"	429	0	-0.1	-3.5	177	0.389830508474576	23.8	2628.461
"YBR079C"	964	0	0	-8.1	26	0.384615384615385	21.6	214.61
"YBR080C"	758	0	-0.4	-11.3	1	1	25.7	115.671
"YBR081C"	1332	NA	0	NA	NA	NA	23.6	16.227
"YBR082C"	148	0	0	-1.8	50	0.42	26.8	979.24
"YBR083W"	486	0	0	-7.8	34	0.382352941176471	36.1	78.085
"YBR084W"	975	0	0	-22.6	15	0.333333333333333	24.8	121.376
"YBR085C-A"	85	NA	0	NA	NA	NA	33.8	520.472
"YBR085W"	307	NA	-3.7	NA	NA	NA	27.3	13.119
"YBR086C"	946	1	-2.1	-12.3	304	0.388157894736842	22.3	111.121
"YBR087W"	354	0	0	-8	12	0.416666666666667	31.7	53.9
"YBR088C"	258	0	0	-1.8	41	0.390243902439024	23.2	214.849
"YBR091C"	109	0	-0.1	-7.2	42	0.380952380952381	31.2	68.446
"YBR094W"	753	NA	-0.2	NA	NA	NA	33.2	27.939
"YBR095C"	430	0	-3.1	-15.8	41	0.390243902439024	29.6	24.254
"YBR096W"	230	0	0	-4.3	63	0.412698412698413	30.8	162.655
"YBR097W"	1454	NA	-1.1	NA	NA	NA	30.2	8.329
"YBR098W"	691	0	-1.3	-8.7	13	0.384615384615385	30.9	7.231
"YBR101C"	290	0	0	-6	73	0.383561643835616	28.8	116.097
"YBR102C"	753	1	0	-3.9	79	0.367088607594937	31.3	26.807
"YBR103W"	535	NA	-4.6	NA	NA	NA	12.7	22.894
"YBR104W"	329	1	-1.5	-6.6	89	0.370786516853933	29.6	62.838
"YBR105C"	362	0	0	-5.9	24	0.333333333333333	34.8	30.334
"YBR106W"	188	0	-0.7	-0.8	40	0.4	26.4	1061.294
"YBR107C"	245	NA	-3.5	NA	NA	NA	46.5	5.617
"YBR108W"	947	NA	0	NA	NA	NA	29.8	20.337
"YBR109C"	147	NA	0	NA	NA	NA	27.7	823.902
"YBR110W"	449	NA	-2.8	NA	NA	NA	NA	39.28
"YBR111C"	231	NA	0	NA	NA	NA	1.9	302.455
"YBR111W-A"	96	NA	-3.8	NA	NA	NA	NA	69.579
"YBR114W"	790	0	-1.2	-9.8	79	0.367088607594937	32.7	8.571
"YBR115C"	1392	NA	-2	NA	NA	NA	NA	187.973
"YBR117C"	681	NA	0	NA	NA	NA	NA	1.561
"YBR119W"	298	0	0	-3.9	38	0.394736842105263	26.6	21.799
"YBR120C"	162	NA	-1.5	NA	NA	NA	24.9	50.884
"YBR121C"	667	0	-1.6	-9.8	165	0.381818181818182	22.3	479.758
"YBR122C"	177	NA	-3	NA	NA	NA	NA	106.535
"YBR123C"	649	NA	-1	NA	NA	NA	29.6	21.917
"YBR125C"	393	0	-3.1	-8.9	189	0.391534391534392	36.2	24.717
"YBR126C"	495	0	0	-8.1	108	0.324074074074074	31.5	402.6
"YBR127C"	517	0	-2	-10	65	0.4	24.2	993.57
"YBR128C"	344	NA	-4.9	NA	NA	NA	30.6	6.189
"YBR129C"	328	NA	-1.1	NA	NA	NA	32.5	36.17
"YBR130C"	425	0	-2.9	-12	61	0.409836065573771	28.5	56.452
"YBR131W"	704	1	0	-8.6	31	0.419354838709677	NA	8.46
"YBR132C"	596	NA	-0.8	NA	NA	NA	NA	39.363
"YBR133C"	827	NA	-1	NA	NA	NA	32	20.713
"YBR135W"	150	0	0	-11.8	105	0.333333333333333	23.8	92.437
"YBR136W"	2368	NA	-1.1	NA	NA	NA	23.3	3.904
"YBR137W"	179	NA	-0.3	NA	NA	NA	NA	114.628
"YBR138C"	524	NA	-1.6	NA	NA	NA	NA	17.419
"YBR139W"	508	NA	0	NA	NA	NA	14.7	160.619
"YBR140C"	3092	NA	0	NA	NA	NA	NA	9.194
"YBR141C"	337	0	-2	-7.5	15	0.333333333333333	32.7	11.391
"YBR142W"	773	0	0	-9.4	48	0.395833333333333	24	38.054
"YBR143C"	437	0	-0.6	-2.8	37	0.405405405405405	23.5	451.191
"YBR145W"	351	0	0	-1.5	42	0.380952380952381	36.7	131.187
"YBR146W"	278	0	-4.4	-13	44	0.363636363636364	28.5	77.594
"YBR147W"	296	NA	-1.5	NA	NA	NA	47.6	17.759
"YBR148W"	609	NA	0	NA	NA	NA	NA	1.74
"YBR149W"	344	0	-4.6	-6	70	0.385714285714286	26.8	330.709
"YBR151W"	316	0	-5.4	-9.3	147	0.360544217687075	26.1	81.986
"YBR152W"	291	NA	-1.3	NA	NA	NA	NA	13.094
"YBR153W"	244	NA	0	NA	NA	NA	NA	21.093
"YBR154C"	215	0	-0.2	-6.8	92	0.358695652173913	30.3	244.153
"YBR155W"	385	NA	-1.3	NA	NA	NA	NA	49.334
"YBR156C"	698	0	-3.2	-11.7	38	0.394736842105263	29.6	10.131
"YBR157C"	255	14	-1.2	-9.6	830	0.42289156626506	28.9	13.025
"YBR158W"	549	1	0	-5.4	264	0.371212121212121	28.1	64.961
"YBR159W"	347	0	0	-10.7	21	0.333333333333333	22.4	233.823
"YBR160W"	298	0	0	-5.9	79	0.367088607594937	26.4	80.966
"YBR161W"	376	0	0	-13.7	110	0.327272727272727	26	28.976
"YBR162C"	455	0	-0.6	-2.1	137	0.357664233576642	24.7	679.237
"YBR162W-A"	65	0	-2.2	-10.7	18	0.277777777777778	20.4	459.954
"YBR163W"	585	NA	-2	NA	NA	NA	38.6	7.148
"YBR164C"	183	0	-0.8	-8.7	120	0.358333333333333	24.9	215.393
"YBR165W"	277	0	0	-16.3	102	0.343137254901961	31.6	31.885
"YBR166C"	452	0	-2.2	-6.4	53	0.415094339622642	37.2	59.821
"YBR167C"	140	0	-0.6	-5.8	37	0.405405405405405	21.8	26.409
"YBR168W"	413	NA	-0.9	NA	NA	NA	26.2	8.616
"YBR169C"	693	NA	0	NA	NA	NA	NA	61.062
"YBR170C"	580	0	0	-5.5	74	0.378378378378378	33	44.707
"YBR171W"	206	0	-5.2	-9.2	27	0.37037037037037	31.4	175.297
"YBR172C"	740	0	0	-9.9	112	0.339285714285714	27.4	39.426
"YBR173C"	148	0	-0.8	-3.2	29	0.379310344827586	36.6	228.115
"YBR175W"	315	NA	-2.4	NA	NA	NA	NA	23.964
"YBR176W"	312	NA	0	NA	NA	NA	26.3	31.305
"YBR177C"	451	NA	-1.4	NA	NA	NA	29.3	219.075
"YBR179C"	855	0	-3	-9.5	66	0.393939393939394	25.2	16.113
"YBR180W"	572	NA	-1.1	NA	NA	NA	52.7	0.277
"YBR182C"	452	NA	0	NA	NA	NA	17.9	3.252
"YBR182C-A"	64	NA	-0.1	NA	NA	NA	NA	1.35
"YBR183W"	316	NA	-4	NA	NA	NA	NA	33.383
"YBR184W"	523	NA	-1.4	NA	NA	NA	NA	3.531
"YBR185C"	278	1	-1.3	-8.1	30	0.4	25.6	45.633
"YBR186W"	564	NA	0	NA	NA	NA	NA	0.094
"YBR187W"	280	1	-2.5	-12.7	130	0.346153846153846	33.7	172.125
"YBR188C"	140	NA	-2.3	NA	NA	NA	26.2	51.775
"YBR189W"	195	0	0	-3.3	27	0.37037037037037	23.8	3357.126
"YBR192W"	377	0	-2.9	-10.8	201	0.383084577114428	28.1	31.806
"YBR193C"	223	0	0	-8.8	8	0.625	39.3	38.842
"YBR194W"	123	NA	0	NA	NA	NA	NA	31.182
"YBR195C"	422	NA	0	NA	NA	NA	NA	21.469
"YBR196C"	554	NA	-0.3	NA	NA	NA	1.4	2635.678
"YBR196C-A"	49	NA	-1	NA	NA	NA	NA	4.974
"YBR196C-B"	34	NA	-7.8	NA	NA	NA	NA	0
"YBR197C"	217	3	-2.3	-10.1	36	0.416666666666667	43.5	22.832
"YBR198C"	798	0	-6.7	-4.7	79	0.367088607594937	28.1	39.76
"YBR199W"	464	NA	-1.4	NA	NA	NA	28.1	107.481
"YBR200W"	551	2	0	-8.6	56	0.392857142857143	32.4	31.359
"YBR200W-A"	54	NA	0	NA	NA	NA	NA	0
"YBR201C-A"	67	0	0	-9.3	12	0.416666666666667	30.2	16.267
"YBR201W"	211	NA	-1.6	NA	NA	NA	1.4	27.977
"YBR202W"	845	0	0	-11.9	31	0.419354838709677	23.5	36.833
"YBR203W"	924	NA	-7.5	NA	NA	NA	NA	4.572
"YBR204C"	375	0	-8	-10.2	63	0.412698412698413	33.8	30.439
"YBR205W"	404	0	-0.3	-10.3	48	0.395833333333333	NA	158.27
"YBR207W"	465	0	-5.2	-6.9	90	0.366666666666667	29.6	57.528
"YBR208C"	1835	NA	-1.4	NA	NA	NA	NA	10.525
"YBR210W"	142	0	-0.1	-12.3	35	0.4	26.4	62.445
"YBR211C"	324	0	0	-13	98	0.357142857142857	32.9	24.13
"YBR212W"	672	NA	-2	NA	NA	NA	0.5	59.683
"YBR213W"	274	NA	0	NA	NA	NA	37.9	21.913
"YBR214W"	527	NA	0	NA	NA	NA	NA	59.679
"YBR215W"	625	NA	-1.5	NA	NA	NA	NA	22.398
"YBR216C"	674	0	0	-4.3	34	0.382352941176471	38.3	29.4
"YBR217W"	186	NA	-3.1	NA	NA	NA	36.5	14.237
"YBR220C"	560	NA	0	NA	NA	NA	30.8	34.74
"YBR221C"	366	NA	-1.1	NA	NA	NA	NA	687.41
"YBR221W-A"	34	NA	-3.6	NA	NA	NA	NA	0
"YBR222C"	543	NA	-0.8	NA	NA	NA	NA	97.173
"YBR223C"	544	NA	-4.5	NA	NA	NA	44.2	5.437
"YBR225W"	900	NA	-0.4	NA	NA	NA	NA	8.849
"YBR227C"	520	NA	0	NA	NA	NA	NA	30.736
"YBR228W"	304	NA	0	NA	NA	NA	5.2	12.223
"YBR229C"	954	1	-4	-14.5	28	0.392857142857143	24.7	52.719
"YBR230C"	134	0	0	-5	24	0.333333333333333	26.8	213.179
"YBR230W-A"	66	NA	0	NA	NA	NA	NA	76.39
"YBR231C"	303	0	-0.5	-8.7	58	0.396551724137931	32.2	22.82
"YBR233W"	413	NA	0	NA	NA	NA	NA	30.028
"YBR233W-A"	94	NA	-3.5	NA	NA	NA	NA	68.869
"YBR234C"	384	0	-0.3	-6.1	47	0.382978723404255	26.5	204.757
"YBR235W"	1120	0	-4.7	-13.2	82	0.365853658536585	30.7	13.219
"YBR236C"	436	0	0	-4.9	39	0.41025641025641	27.8	45.219
"YBR237W"	849	NA	-4.2	NA	NA	NA	30.5	7.609
"YBR238C"	731	0	-2.4	-8.5	3	0.666666666666667	29.3	23.373
"YBR239C"	529	NA	-1.6	NA	NA	NA	32.6	9.478
"YBR240C"	450	NA	0	NA	NA	NA	NA	1.983
"YBR241C"	488	NA	-3.4	NA	NA	NA	33.9	31.39
"YBR242W"	238	1	0	-8.8	160	0.375	34.1	52.586
"YBR243C"	448	0	-0.9	-10.7	33	0.393939393939394	28.4	48.62
"YBR244W"	162	NA	0	NA	NA	NA	31.2	153.567
"YBR245C"	1129	NA	-3.9	NA	NA	NA	NA	61.772
"YBR246W"	387	NA	-6	NA	NA	NA	NA	34.12
"YBR247C"	483	0	0	-5.3	25	0.36	28.2	57.09
"YBR248C"	552	NA	0	NA	NA	NA	NA	158.339
"YBR249C"	370	NA	0	NA	NA	NA	4.6	1013.409
"YBR250W"	523	NA	-6.5	NA	NA	NA	NA	0.908
"YBR251W"	307	NA	-0.6	NA	NA	NA	26.5	46.253
"YBR252W"	147	0	-0.9	-8.1	19	0.263157894736842	33.9	195.248
"YBR253W"	121	NA	-0.9	NA	NA	NA	18.8	56.943
"YBR254C"	175	0	0	-15.9	15	0.333333333333333	49.3	59.93
"YBR255C-A"	120	0	0	-7.9	25	0.36	35.7	48.995
"YBR255W"	694	NA	-1.1	NA	NA	NA	37.1	8.963
"YBR256C"	238	0	-2.7	-11.8	9	0.555555555555556	28.6	259.084
"YBR257W"	279	0	-2.7	-7.7	32	0.40625	32.5	23.568
"YBR258C"	142	0	-0.1	-3.6	34	0.382352941176471	25.3	23.331
"YBR259W"	688	1	-1.1	-11.9	50	0.42	37.5	4.095
"YBR260C"	666	0	0	-13.4	10	0.5	NA	21.451
"YBR261C"	232	NA	0	NA	NA	NA	27	101.143
"YBR262C"	106	0	0	-9.2	45	0.377777777777778	23.5	96.747
"YBR263W"	490	0	-0.4	-7.4	41	0.390243902439024	37.7	271.729
"YBR264C"	199	0	-0.9	-9.5	26	0.384615384615385	25.9	38.621
"YBR265W"	320	NA	-1.3	NA	NA	NA	NA	78.91
"YBR267W"	393	0	0	-13.5	10	0.5	32.2	47.44
"YBR268W"	105	0	-1.8	-16.9	15	0.333333333333333	25.4	99.78
"YBR269C"	138	0	0	-8.9	22	0.363636363636364	23.9	148.534
"YBR270C"	545	NA	-4.4	NA	NA	NA	21.1	2.423
"YBR271W"	419	0	-4.5	-12	18	0.277777777777778	29.6	18.119
"YBR272C"	480	0	-1.7	-7.3	28	0.392857142857143	31.1	32.225
"YBR273C"	436	0	-0.9	-10.8	32	0.40625	30.9	57.125
"YBR274W"	527	1	-7.5	-13	34	0.382352941176471	29.7	16.422
"YBR275C"	1916	0	-3.9	-7.9	115	0.347826086956522	37.4	8.197
"YBR276C"	807	0	-1.3	-3	96	0.364583333333333	26.6	11.632
"YBR278W"	201	NA	-4.4	NA	NA	NA	35.4	29.762
"YBR279W"	445	0	-3.3	-7.5	46	0.391304347826087	28.1	53.063
"YBR280C"	637	NA	-0.7	NA	NA	NA	34.9	11.743
"YBR281C"	878	NA	-1.8	NA	NA	NA	29.9	28.599
"YBR282W"	146	0	-3.3	-9.2	48	0.395833333333333	29.8	74.965
"YBR283C"	490	NA	0	NA	NA	NA	24.4	345.974
"YBR284W"	797	0	-1.1	-12	13	0.384615384615385	31	1.472
"YBR285W"	144	0	-1.2	-3.3	77	0.376623376623377	26.4	6.438
"YBR286W"	537	NA	0	NA	NA	NA	0.9	778.139
"YBR287W"	427	0	-0.6	-7.3	34	0.382352941176471	38.2	74.358
"YBR288C"	483	0	0	-4.9	42	0.380952380952381	25.8	48.265
"YBR289W"	905	NA	-0.7	NA	NA	NA	26.3	17.129
"YBR290W"	321	NA	-2.2	NA	NA	NA	33	46.754
"YBR291C"	299	0	-0.7	-5.5	37	0.405405405405405	38.6	9.485
"YBR293W"	474	27	-4.7	-10.4	1046	0.405353728489484	45.6	6.213
"YBR294W"	859	NA	-0.7	NA	NA	NA	NA	1.679
"YBR295W"	1216	1	-1.8	-11	41	0.390243902439024	64.8	1.899
"YBR296C"	574	NA	0	NA	NA	NA	30.4	1.198
"YBR296C-A"	39	NA	-3.5	NA	NA	NA	NA	0
"YBR298C"	614	NA	0	NA	NA	NA	NA	0.086
"YCL001W"	188	0	0	-9.1	20	0.3	25.8	224.228
"YCL001W-A"	153	NA	-2.6	NA	NA	NA	NA	0
"YCL001W-B"	84	NA	0	NA	NA	NA	NA	0
"YCL002C"	263	0	-1	-23.6	38	0.394736842105263	34.5	18.492
"YCL004W"	521	1	0	-7.3	79	0.367088607594937	30.3	4.759
"YCL005W"	256	0	-3	-10.7	47	0.382978723404255	31.3	22.162
"YCL005W-A"	73	NA	0	NA	NA	NA	NA	411.631
"YCL008C"	385	0	0	-18	12	0.416666666666667	34.9	31.308
"YCL009C"	309	NA	-0.7	NA	NA	NA	NA	742.866
"YCL010C"	259	0	0	-12.3	21	0.333333333333333	3.9	44.631
"YCL011C"	427	NA	-1.9	NA	NA	NA	35	120.862
"YCL012C"	134	NA	0	NA	NA	NA	NA	41.191
"YCL014W"	1636	0	-0.4	-9.4	104	0.336538461538462	25.9	17.261
"YCL016C"	380	NA	-3.6	NA	NA	NA	30	17.567
"YCL017C"	497	0	0	-4.7	30	0.4	38.7	138.941
"YCL021W-A"	125	NA	0	NA	NA	NA	NA	1.537
"YCL024W"	1037	NA	-3	NA	NA	NA	21.9	11.108
"YCL025C"	633	0	-0.8	-8.2	32	0.40625	33.2	89.242
"YCL026C-A"	193	NA	0	NA	NA	NA	NA	3.116
"YCL026C-B"	193	NA	0	NA	NA	NA	NA	41.543
"YCL027W"	512	NA	-0.1	NA	NA	NA	32.7	18.638
"YCL028W"	405	0	-3.8	-10.3	33	0.393939393939394	32	245.04
"YCL029C"	440	1	-0.9	-13.4	51	0.411764705882353	28.1	19.67
"YCL030C"	799	NA	-0.8	NA	NA	NA	NA	434.688
"YCL031C"	297	0	-3.8	-7.4	52	0.423076923076923	27.4	78.968
"YCL032W"	346	NA	-0.1	NA	NA	NA	NA	15.311
"YCL033C"	168	NA	0	NA	NA	NA	NA	75.173
"YCL034W"	354	0	-2.1	-7.3	30	0.4	28.3	75.637
"YCL035C"	110	NA	-1.5	NA	NA	NA	63.9	419.466
"YCL036W"	566	NA	-8.4	NA	NA	NA	26.8	6.166
"YCL037C"	434	0	0	-6.3	68	0.382352941176471	35.4	368.792
"YCL038C"	528	NA	0	NA	NA	NA	NA	20.689
"YCL039W"	745	0	-2.2	-5.7	29	0.379310344827586	NA	12.794
"YCL043C"	522	0	0	-6.8	38	0.394736842105263	19.8	1109.463
"YCL044C"	417	NA	0	NA	NA	NA	26.9	32.011
"YCL045C"	760	NA	0	NA	NA	NA	25.6	141.938
"YCL047C"	258	0	-2.7	-7.8	21	0.333333333333333	23.5	33.496
"YCL048W"	463	NA	0	NA	NA	NA	NA	0.567
"YCL049C"	312	NA	-0.6	NA	NA	NA	NA	27.661
"YCL050C"	321	0	0	-1.4	63	0.412698412698413	28.1	368.712
"YCL051W"	583	NA	-2.5	NA	NA	NA	11.5	19.7
"YCL052C"	416	NA	-4.5	NA	NA	NA	32.4	29.694
"YCL054W"	841	NA	-2.6	NA	NA	NA	19	54.143
"YCL055W"	335	NA	0	NA	NA	NA	22.7	41.642
"YCL056C"	144	NA	0	NA	NA	NA	39.4	13.214
"YCL057C-A"	97	0	0	-3.8	27	0.37037037037037	26.6	331.423
"YCL057W"	712	0	-0.8	-12.2	4	0.75	30.4	100.485
"YCL058W-A"	113	0	-0.8	-6.1	23	0.347826086956522	30	36.106
"YCL059C"	316	0	-1	-7.2	26	0.384615384615385	28.1	118.642
"YCL061C"	1096	NA	0	NA	NA	NA	NA	15.314
"YCL063W"	423	0	0	-8.1	17	0.294117647058824	34.7	19.192
"YCL064C"	360	0	0	-6.3	20	0.3	25.9	300.185
"YCR002C"	322	NA	0	NA	NA	NA	27.3	148.046
"YCR003W"	183	0	0	-7.2	23	0.347826086956522	34	53.712
"YCR004C"	247	NA	0	NA	NA	NA	NA	435.856
"YCR005C"	460	NA	-0.9	NA	NA	NA	NA	202.147
"YCR007C"	239	NA	-1.1	NA	NA	NA	NA	4.684
"YCR008W"	603	NA	0	NA	NA	NA	NA	43.047
"YCR009C"	265	0	-0.5	-3.4	62	0.403225806451613	33.6	194.627
"YCR010C"	283	NA	0	NA	NA	NA	44.9	0.727
"YCR011C"	1049	0	0	-5.3	129	0.348837209302326	31.2	65.03
"YCR012W"	416	NA	0	NA	NA	NA	2	14302.681
"YCR014C"	582	NA	-6.6	NA	NA	NA	NA	0.182
"YCR015C"	317	NA	-1.5	NA	NA	NA	NA	13.542
"YCR016W"	290	NA	-1.2	NA	NA	NA	28.9	58.404
"YCR017C"	953	0	-3.3	-11.8	30	0.4	27.2	67.539
"YCR018C"	221	NA	-1.8	NA	NA	NA	NA	19.928
"YCR019W"	363	1	-3.6	-4.1	116	0.353448275862069	30.9	10.754
"YCR020C"	215	0	-0.5	-2.5	30	0.4	48.9	4.465
"YCR020C-A"	88	NA	-2.9	NA	NA	NA	NA	116.506
"YCR020W-B"	78	NA	0	NA	NA	NA	25.9	85.684
"YCR021C"	332	NA	0	NA	NA	NA	NA	17.019
"YCR023C"	611	2	0	-4.9	63	0.412698412698413	30.8	20.122
"YCR024C"	492	0	-1.5	-11.2	20	0.3	20.3	10.381
"YCR024C-A"	40	NA	0	NA	NA	NA	12.4	3651.573
"YCR024C-B"	88	NA	-1.2	NA	NA	NA	33.9	7.802
"YCR026C"	742	0	-3.8	-7.7	69	0.376811594202899	6.9	28.128
"YCR027C"	209	NA	0	NA	NA	NA	NA	45.352
"YCR028C"	512	1	-0.7	-11.1	100	0.35	38.1	24.405
"YCR028C-A"	135	NA	0	NA	NA	NA	NA	629.936
"YCR030C"	870	0	-1.8	-8.1	100	0.35	31.6	42.487
"YCR032W"	2167	NA	0	NA	NA	NA	NA	3.64
"YCR033W"	1226	NA	0	NA	NA	NA	NA	15.464
"YCR034W"	347	0	-3.4	-6.2	27	0.37037037037037	29.5	319.598
"YCR035C"	394	0	-1.2	-5.7	8	0.625	27.2	59.123
"YCR036W"	333	NA	0	NA	NA	NA	32.6	65.856
"YCR037C"	923	NA	-5.5	NA	NA	NA	5.2	31.922
"YCR042C"	1407	0	0	-9.7	24	0.333333333333333	NA	20.802
"YCR043C"	127	0	-0.9	-9.7	34	0.382352941176471	24.9	210.304
"YCR044C"	357	0	-1.2	-14	13	0.384615384615385	32.7	53.759
"YCR045C"	491	NA	-1.1	NA	NA	NA	NA	0.429
"YCR046C"	169	0	-4.1	-21.4	7	0.714285714285714	27.8	79.753
"YCR047C"	275	NA	0	NA	NA	NA	1.8	44.609
"YCR048W"	610	0	-1.8	-12.1	53	0.415094339622642	32.2	34.314
"YCR051W"	222	0	-2.2	-10.9	10	0.5	30.1	115.645
"YCR052W"	483	0	-0.7	-13.6	34	0.382352941176471	27.4	65.806
"YCR053W"	514	0	-0.6	-2.6	42	0.380952380952381	24	764.778
"YCR054C"	563	NA	0	NA	NA	NA	33.6	20.567
"YCR057C"	923	0	-0.3	-6	63	0.412698412698413	24.8	43.856
"YCR059C"	258	NA	-1.3	NA	NA	NA	28	52.325
"YCR060W"	111	0	-1.5	-9.5	14	0.357142857142857	31.5	72.491
"YCR061W"	631	NA	0	NA	NA	NA	NA	80.103
"YCR063W"	157	0	-0.4	-2.8	39	0.41025641025641	35.3	21.629
"YCR065W"	564	NA	0	NA	NA	NA	NA	56.533
"YCR066W"	487	NA	0	NA	NA	NA	NA	7.782
"YCR067C"	1065	0	0	-10.9	120	0.358333333333333	25.1	33.72
"YCR068W"	520	NA	-2.1	NA	NA	NA	66.9	20.896
"YCR069W"	318	NA	-2.5	NA	NA	NA	6.9	131.597
"YCR071C"	146	0	-3.1	-10.7	23	0.347826086956522	25.9	71.618
"YCR072C"	515	NA	0	NA	NA	NA	40.5	41.264
"YCR073C"	1331	NA	-4.9	NA	NA	NA	NA	1.454
"YCR073W-A"	315	NA	-0.7	NA	NA	NA	22.9	76.488
"YCR075C"	260	NA	-0.6	NA	NA	NA	27.5	33.844
"YCR075W-A"	75	NA	0	NA	NA	NA	NA	80.174
"YCR076C"	250	NA	-1.9	NA	NA	NA	36.2	38.175
"YCR077C"	796	NA	-2.3	NA	NA	NA	40.7	104.367
"YCR079W"	442	0	-1.1	-23.6	2	1	29.6	6.172
"YCR081W"	1427	NA	-2.7	NA	NA	NA	NA	8.107
"YCR082W"	128	NA	-5.9	NA	NA	NA	NA	148.641
"YCR083W"	127	0	-2.8	-14	36	0.416666666666667	22.2	86.774
"YCR084C"	713	0	-2	-9.8	174	0.385057471264368	23.9	112.509
"YCR086W"	190	NA	-1.9	NA	NA	NA	30.5	37.668
"YCR087C-A"	153	NA	-0.5	NA	NA	NA	30.7	97.22
"YCR088W"	592	NA	0	NA	NA	NA	25.6	397.38
"YCR089W"	1609	NA	0	NA	NA	NA	NA	3.483
"YCR090C"	182	NA	0	NA	NA	NA	26	108.787
"YCR091W"	720	NA	-2.9	NA	NA	NA	61.5	6.134
"YCR092C"	1018	0	-4.9	-13	37	0.405405405405405	30.3	13.417
"YCR093W"	2108	0	-1.5	-7.9	31	0.419354838709677	14.9	50.015
"YCR094W"	391	1	-3.4	-9.7	64	0.40625	32.9	46.605
"YCR095C"	362	NA	-1.6	NA	NA	NA	25.6	21.133
"YCR095W-A"	52	NA	-4.6	NA	NA	NA	NA	0
"YCR097W"	126	NA	0	NA	NA	NA	20.9	101.119
"YCR098C"	518	NA	0	NA	NA	NA	NA	0.509
"YCR099C"	155	NA	-1.1	NA	NA	NA	NA	0
"YCR100C"	316	NA	-0.7	NA	NA	NA	NA	0
"YCR101C"	182	0	-2	-3.9	43	0.372093023255814	NA	6.302
"YCR105W"	361	NA	0	NA	NA	NA	26	2.018
"YCR106W"	832	0	-1.5	-9.7	2	1	25.8	3.079
"YDL001W"	430	0	0	-6.2	79	0.367088607594937	34.4	21.694
"YDL002C"	203	NA	0	NA	NA	NA	36.7	54.274
"YDL003W"	566	NA	0	NA	NA	NA	22.6	33.074
"YDL004W"	160	0	-2.6	-10.9	44	0.363636363636364	21.6	367.925
"YDL005C"	431	0	0	-7.8	16	0.3125	28.5	35.995
"YDL006W"	281	NA	0	NA	NA	NA	NA	33.651
"YDL007W"	437	0	-0.9	-5.6	23	0.347826086956522	23.5	184.556
"YDL008W"	165	0	-0.5	-10.3	1	1	30.2	44.95
"YDL010W"	231	NA	-0.2	NA	NA	NA	28.5	67.701
"YDL012C"	107	0	0	-3.5	18	0.277777777777778	29.8	160.676
"YDL013W"	619	NA	-1.3	NA	NA	NA	28.9	12.504
"YDL014W"	327	NA	0	NA	NA	NA	1.5	723.283
"YDL015C"	310	0	0	-5.2	54	0.407407407407407	25.5	358.464
"YDL017W"	507	0	-0.3	-2.4	24	0.333333333333333	27.3	10.812
"YDL018C"	225	NA	0	NA	NA	NA	33.3	62.173
"YDL019C"	1283	NA	0	NA	NA	NA	NA	29.237
"YDL020C"	531	NA	-1.1	NA	NA	NA	25.1	61.828
"YDL021W"	311	NA	0	NA	NA	NA	22.1	30.902
"YDL022W"	391	0	0	-2.1	66	0.393939393939394	16.8	563.129
"YDL024C"	468	NA	-3.2	NA	NA	NA	NA	2.022
"YDL025C"	620	NA	-0.1	NA	NA	NA	25.7	28.388
"YDL027C"	420	NA	-4.2	NA	NA	NA	30.2	16.207
"YDL028C"	764	NA	-0.2	NA	NA	NA	27.6	16.736
"YDL029W"	391	0	0	-7	21	0.333333333333333	27.8	198.571
"YDL030W"	530	0	-3.2	-16.1	80	0.375	32.4	14.539
"YDL031W"	995	NA	0	NA	NA	NA	NA	51.174
"YDL033C"	417	NA	-4.7	NA	NA	NA	39	5.774
"YDL035C"	961	NA	0	NA	NA	NA	NA	17.93
"YDL036C"	462	2	-4	-8.6	30	0.4	27.3	18.083
"YDL040C"	854	0	-2	-8.2	28	0.392857142857143	24.6	122.238
"YDL042C"	562	0	-4.2	-8.8	61	0.409836065573771	30.5	21.355
"YDL043C"	266	NA	0	NA	NA	NA	27.3	38.903
"YDL044C"	440	0	0	-3.6	26	0.384615384615385	30	13.113
"YDL045C"	306	NA	0	NA	NA	NA	10.7	35.599
"YDL045W-A"	95	0	0	-6	45	0.377777777777778	27.6	152.592
"YDL046W"	173	0	-0.9	-6.5	96	0.364583333333333	27.9	350.17
"YDL047W"	311	0	-1.3	-4.7	206	0.378640776699029	24.3	77.09
"YDL048C"	490	0	0	-8.6	51	0.411764705882353	35.4	6.447
"YDL049C"	268	NA	-0.6	NA	NA	NA	12.4	6.693
"YDL051W"	275	0	-1.5	-2.9	24	0.333333333333333	21.2	248.615
"YDL052C"	303	0	0	-3.6	53	0.415094339622642	28.5	112.397
"YDL053C"	185	NA	0	NA	NA	NA	NA	131.463
"YDL054C"	486	0	-0.2	-2.2	61	0.409836065573771	29.8	42.021
"YDL055C"	361	0	0	-4	150	0.353333333333333	21.4	2278.652
"YDL056W"	833	0	0	-6.7	116	0.353448275862069	19.8	17.363
"YDL057W"	328	0	-0.2	-1.7	48	0.395833333333333	32.7	14.057
"YDL058W"	1790	NA	0	NA	NA	NA	NA	28.837
"YDL059C"	238	NA	0	NA	NA	NA	39.7	13.253
"YDL060W"	788	0	-3	-5.2	21	0.333333333333333	24	36.533
"YDL063C"	620	0	-2.7	-8.7	47	0.382978723404255	23	31.894
"YDL064W"	157	0	-3.4	-11.4	41	0.390243902439024	23	178.05
"YDL065C"	342	1	0	-2.3	42	0.380952380952381	23	60.713
"YDL066W"	428	NA	-0.4	NA	NA	NA	46.3	603.073
"YDL067C"	59	0	0	-4.8	47	0.382978723404255	22.3	479.159
"YDL069C"	229	NA	-1.4	NA	NA	NA	35.9	11.966
"YDL070W"	638	NA	-1.4	NA	NA	NA	33	73.01
"YDL072C"	203	0	-1.8	-5.6	64	0.40625	35.3	283.264
"YDL073W"	984	1	-1.6	-5.2	181	0.392265193370166	25	8.922
"YDL074C"	700	NA	-4.1	NA	NA	NA	NA	45.729
"YDL075W"	113	0	0	-4.8	32	0.40625	19.5	4085.44
"YDL076C"	294	NA	0	NA	NA	NA	NA	43.808
"YDL077C"	1049	NA	0	NA	NA	NA	24.2	10.932
"YDL078C"	343	0	0	-4.9	73	0.383561643835616	28.7	207.211
"YDL079C"	501	0	-0.5	-25.5	235	0.378723404255319	37.7	0.946
"YDL080C"	609	0	-0.2	-9.9	149	0.355704697986577	8.3	10.528
"YDL081C"	106	0	0	-6.5	75	0.373333333333333	24	5281.17
"YDL084W"	446	0	-1.5	-8	117	0.35042735042735	23.3	919.187
"YDL085C-A"	68	0	-5.2	-5.3	60	0.4	24.6	194.823
"YDL085W"	545	0	0	-7.7	33	0.393939393939394	NA	2.229
"YDL086W"	273	0	0	-9.7	6	0.666666666666667	23.2	172.15
"YDL087C"	261	NA	-4.8	NA	NA	NA	30.2	16.077
"YDL088C"	528	NA	-2.4	NA	NA	NA	NA	34.482
"YDL089W"	484	0	-0.6	-9.5	132	0.348484848484849	25	20.442
"YDL090C"	431	NA	-7	NA	NA	NA	NA	25.294
"YDL091C"	455	NA	0	NA	NA	NA	NA	17.428
"YDL092W"	146	0	0	-7.9	24	0.333333333333333	27.3	160.974
"YDL093W"	743	0	-4.6	-15.5	30	0.4	25.4	29.525
"YDL095W"	817	0	-1.8	-10.4	31	0.419354838709677	20.8	213.533
"YDL097C"	434	NA	0	NA	NA	NA	24.3	227.097
"YDL098C"	194	0	-3.1	-11.3	11	0.454545454545455	28.2	30.493
"YDL099W"	341	NA	-0.6	NA	NA	NA	37.3	70.319
"YDL100C"	354	0	-0.3	-4.4	37	0.405405405405405	23.6	429.294
"YDL101C"	513	0	0	-1.7	62	0.403225806451613	24.6	27.237
"YDL102W"	1097	NA	0	NA	NA	NA	28.6	29.281
"YDL103C"	477	0	-1	-5.4	20	0.3	32.7	105.753
"YDL104C"	407	NA	-5.1	NA	NA	NA	17.2	6.939
"YDL105W"	402	NA	0	NA	NA	NA	52	10.922
"YDL106C"	559	NA	-2.6	NA	NA	NA	28.6	26.573
"YDL107W"	351	NA	0	NA	NA	NA	61.5	14.066
"YDL108W"	306	0	-0.4	-13.4	24	0.333333333333333	37.1	25.645
"YDL109C"	647	NA	-3.2	NA	NA	NA	NA	1.312
"YDL110C"	150	NA	0	NA	NA	NA	NA	110.076
"YDL111C"	265	0	-0.7	-12	68	0.382352941176471	28.2	73.251
"YDL112W"	1436	0	0	-9.2	46	0.391304347826087	29.4	35.901
"YDL113C"	640	1	-2.8	-13.5	71	0.394366197183099	36.4	18.653
"YDL114W"	308	NA	-0.2	NA	NA	NA	NA	0
"YDL115C"	353	0	-1.1	-5.7	17	0.294117647058824	35.6	28.864
"YDL116W"	726	NA	0	NA	NA	NA	NA	41.562
"YDL117W"	885	0	0	-4.2	298	0.389261744966443	19.5	20.045
"YDL119C"	307	NA	-2	NA	NA	NA	7.6	17.492
"YDL120W"	174	0	-1.2	-4.9	81	0.37037037037037	32.1	127.056
"YDL121C"	149	0	-3.6	-5.3	12	0.416666666666667	24.8	150.173
"YDL122W"	809	NA	0	NA	NA	NA	NA	37.055
"YDL123W"	140	0	-1.3	-10.1	14	0.357142857142857	33.8	61.504
"YDL124W"	312	NA	-0.7	NA	NA	NA	26.2	402.826
"YDL125C"	158	NA	0	NA	NA	NA	NA	478.73
"YDL126C"	835	0	0	-11.3	51	0.411764705882353	21.7	729.333
"YDL127W"	308	0	0	-7.5	72	0.388888888888889	34.2	27.499
"YDL128W"	411	NA	-0.7	NA	NA	NA	35.1	182.793
"YDL129W"	291	NA	-6.3	NA	NA	NA	33.6	6.37
"YDL130W"	106	0	0	-7.2	18	0.277777777777778	22.2	4974.951
"YDL130W-A"	86	0	0	-1.2	66	0.393939393939394	34.4	173.392
"YDL132W"	815	NA	-0.3	NA	NA	NA	NA	53.479
"YDL133W"	437	NA	0	NA	NA	NA	NA	17.76
"YDL135C"	202	0	-1.4	-7.4	85	0.376470588235294	28.4	174.52
"YDL138W"	763	NA	0	NA	NA	NA	NA	4.748
"YDL139C"	223	NA	0	NA	NA	NA	NA	15.673
"YDL140C"	1733	NA	0	NA	NA	NA	1.7	121.375
"YDL141W"	690	NA	0	NA	NA	NA	NA	41.446
"YDL142C"	283	NA	-0.7	NA	NA	NA	33.3	26.886
"YDL143W"	528	0	0	-12.1	36	0.416666666666667	23.2	223.886
"YDL144C"	356	NA	-5.6	NA	NA	NA	NA	47.184
"YDL145C"	1201	NA	-1.3	NA	NA	NA	25.8	181.692
"YDL146W"	491	1	0	-1	184	0.385869565217391	37.6	13.511
"YDL147W"	445	0	-0.6	-6.8	60	0.4	32.2	206.947
"YDL148C"	810	0	0	-8	31	0.419354838709677	26.9	52.551
"YDL149W"	997	NA	0	NA	NA	NA	26.5	7.25
"YDL150W"	422	0	-1.4	-5.6	112	0.339285714285714	31.7	40.581
"YDL153C"	610	0	-0.1	-11	27	0.37037037037037	24.7	56.64
"YDL154W"	901	NA	-1.2	NA	NA	NA	NA	0.475
"YDL155W"	427	NA	0	NA	NA	NA	NA	27.24
"YDL156W"	522	NA	-2	NA	NA	NA	12.3	11.723
"YDL157C"	118	NA	-0.9	NA	NA	NA	35.4	220.316
"YDL159W"	515	NA	-3.6	NA	NA	NA	NA	16.792
"YDL160C"	506	NA	0	NA	NA	NA	NA	316.114
"YDL160C-A"	80	0	-3.5	-6.6	23	0.347826086956522	30.3	63.074
"YDL161W"	454	0	-0.2	-7.7	17	0.294117647058824	32	56.906
"YDL164C"	755	NA	-0.6	NA	NA	NA	NA	26.173
"YDL165W"	191	0	0	-5.2	50	0.42	28.1	100.402
"YDL166C"	197	0	-2.9	-4.5	55	0.4	31.5	92.487
"YDL167C"	719	NA	-2.5	NA	NA	NA	24.6	35.298
"YDL168W"	386	0	0	-7	34	0.382352941176471	31.1	174.133
"YDL169C"	223	0	-1	-11	1	1	26.4	6.814
"YDL170W"	528	NA	-1.7	NA	NA	NA	44	22.089
"YDL171C"	2145	NA	0	NA	NA	NA	24.4	170.494
"YDL173W"	295	NA	-1.3	NA	NA	NA	24.1	118.077
"YDL174C"	587	0	-2.4	-15.4	29	0.379310344827586	29	40.942
"YDL175C"	344	NA	0	NA	NA	NA	30.3	31.848
"YDL176W"	708	NA	0	NA	NA	NA	36.9	7.212
"YDL177C"	170	NA	-0.1	NA	NA	NA	NA	13.124
"YDL178W"	530	0	-2.1	-10.2	18	0.277777777777778	20.2	69.908
"YDL179W"	304	0	0	-7.2	96	0.364583333333333	27.3	35.821
"YDL180W"	547	NA	-0.7	NA	NA	NA	28.8	16.998
"YDL181W"	85	0	0	-9.3	164	0.378048780487805	37.9	148.324
"YDL183C"	320	0	0	-5.8	70	0.385714285714286	46.3	8.893
"YDL185W"	1071	NA	0	NA	NA	NA	19.1	1091.415
"YDL186W"	277	NA	0	NA	NA	NA	NA	0
"YDL189W"	457	2	0	-18.1	194	0.381443298969072	28.3	38.847
"YDL190C"	961	NA	0	NA	NA	NA	27.8	47.887
"YDL192W"	181	0	-1.1	-9.5	44	0.363636363636364	19.9	1560.461
"YDL193W"	375	NA	0	NA	NA	NA	6.9	72.554
"YDL194W"	884	NA	-1.8	NA	NA	NA	NA	2.297
"YDL195W"	1273	0	0	-8.4	120	0.358333333333333	26.4	181.13
"YDL197C"	525	0	-1.5	-19.6	15	0.333333333333333	39.7	4.322
"YDL198C"	300	NA	-1.3	NA	NA	NA	NA	335.573
"YDL199C"	687	1	-0.5	-7.3	70	0.385714285714286	NA	7.118
"YDL200C"	188	0	-8.4	-10.6	5	0.6	28.5	41.76
"YDL201W"	286	0	-0.1	-12.6	104	0.336538461538462	25.6	89.752
"YDL202W"	249	0	-4	-9.4	55	0.4	30.8	45.901
"YDL203C"	623	2	-1.4	-12.2	200	0.385	30.1	18.383
"YDL204W"	393	NA	0	NA	NA	NA	NA	18.072
"YDL205C"	327	1	-1.9	-10.7	198	0.383838383838384	33.5	74.926
"YDL206W"	762	NA	0	NA	NA	NA	29.6	4.754
"YDL207W"	538	0	-2.9	-10	39	0.41025641025641	33.4	18.942
"YDL208W"	156	1	-0.7	-5.1	46	0.391304347826087	31.5	381.493
"YDL209C"	339	0	-0.5	-8.8	23	0.347826086956522	32.5	16.99
"YDL210W"	571	NA	0	NA	NA	NA	NA	1.667
"YDL211C"	372	NA	-4.8	NA	NA	NA	NA	8.124
"YDL212W"	210	0	0	-7	48	0.395833333333333	27.8	294.691
"YDL213C"	225	0	-1	-7.4	20	0.3	25.2	99.342
"YDL214C"	699	NA	-1.4	NA	NA	NA	NA	0.152
"YDL215C"	1092	0	0	-9.6	201	0.383084577114428	29.2	27.792
"YDL216C"	440	0	-4.8	-4.7	11	0.454545454545455	33.9	8.583
"YDL217C"	207	NA	0	NA	NA	NA	38.5	62.795
"YDL218W"	317	NA	-1.1	NA	NA	NA	NA	0.489
"YDL219W"	150	0	-2	-7.4	27	0.37037037037037	26.4	136.533
"YDL220C"	924	1	-1	-14.2	31	0.419354838709677	25.6	5.324
"YDL222C"	309	NA	0	NA	NA	NA	NA	17.552
"YDL223C"	1046	NA	0	NA	NA	NA	NA	8.453
"YDL224C"	649	0	-0.1	-7.1	365	0.405479452054795	38.8	37.538
"YDL225W"	551	0	0	-7.1	51	0.411764705882353	27.5	68.664
"YDL226C"	352	0	0	-10.1	15	0.333333333333333	26.4	180.298
"YDL227C"	586	0	0	-3.9	40	0.4	33.1	80.755
"YDL230W"	335	NA	-3.3	NA	NA	NA	28.6	23.375
"YDL231C"	1125	1	-2.4	-9.4	112	0.339285714285714	42.8	1.478
"YDL232W"	36	NA	0	NA	NA	NA	NA	457.907
"YDL233W"	458	NA	-4.3	NA	NA	NA	31.9	16.4
"YDL234C"	746	NA	0	NA	NA	NA	NA	18.844
"YDL235C"	167	NA	-1.7	NA	NA	NA	9	141.68
"YDL236W"	312	0	-3.5	-5.5	16	0.3125	27.7	179.218
"YDL237W"	390	0	-0.1	-13.4	20	0.3	30.4	98.927
"YDL238C"	489	1	-4.8	-10.8	29	0.379310344827586	37.6	8.613
"YDL239C"	790	NA	-1.8	NA	NA	NA	NA	0.067
"YDL240W"	1017	NA	-1.1	NA	NA	NA	26.3	14.114
"YDL241W"	123	0	-0.5	-7.6	161	0.372670807453416	38.1	11.693
"YDR001C"	751	0	0	-9.6	208	0.379807692307692	30.9	75.099
"YDR002W"	201	0	0	-6.4	30	0.4	26.2	1005.161
"YDR003W"	210	NA	-2.9	NA	NA	NA	NA	41.31
"YDR003W-A"	40	NA	-0.8	NA	NA	NA	NA	0.961
"YDR004W"	460	NA	-2.3	NA	NA	NA	NA	12.334
"YDR005C"	395	NA	-6.7	NA	NA	NA	30.8	25.522
"YDR006C"	901	0	-1	-8.8	97	0.360824742268041	22.7	24.145
"YDR007W"	224	NA	-3.3	NA	NA	NA	29.4	63.11
"YDR009W"	520	NA	0	NA	NA	NA	37.9	2.435
"YDR011W"	1501	NA	0	NA	NA	NA	5.5	58.576
"YDR013W"	208	1	-0.5	-8.7	17	0.294117647058824	30	29.319
"YDR014W"	647	NA	-0.7	NA	NA	NA	NA	6.89
"YDR014W-A"	162	NA	0	NA	NA	NA	NA	1.523
"YDR016C"	94	2	-3.2	-9.6	34	0.382352941176471	34.3	118.552
"YDR017C"	1050	0	0	-4.4	15	0.333333333333333	25.1	20.619
"YDR018C"	396	NA	-5	NA	NA	NA	NA	1.187
"YDR019C"	400	0	-4.7	-8.5	30	0.4	33.2	106.875
"YDR020C"	232	NA	0	NA	NA	NA	35.6	24.957
"YDR021W"	399	NA	0	NA	NA	NA	3.7	13.883
"YDR022C"	196	NA	-3.2	NA	NA	NA	NA	18.431
"YDR023W"	462	0	-1.9	-9.7	23	0.347826086956522	23.1	830.914
"YDR026C"	570	1	-3.1	-4.9	151	0.357615894039735	32.3	11.321
"YDR027C"	889	0	-6.3	-10.7	129	0.348837209302326	26.5	15.568
"YDR028C"	1014	NA	0	NA	NA	NA	6.3	54.245
"YDR030C"	506	NA	-2.7	NA	NA	NA	NA	5.729
"YDR031W"	121	NA	-0.4	NA	NA	NA	6	52.198
"YDR032C"	198	0	0	-0.9	70	0.385714285714286	26.7	589.361
"YDR033W"	320	0	0	-3.2	273	0.36996336996337	31.1	2149.799
"YDR034C"	790	NA	-0.8	NA	NA	NA	20.4	25.172
"YDR034W-B"	51	NA	0	NA	NA	NA	NA	20.917
"YDR035W"	370	0	-0.3	-7.6	22	0.363636363636364	23.9	462.356
"YDR036C"	500	0	-3.2	-11	74	0.378378378378378	26.6	44.043
"YDR037W"	591	0	0	-5.2	50	0.42	23	967.538
"YDR041W"	203	NA	-0.4	NA	NA	NA	27.9	74.595
"YDR042C"	200	NA	-5.3	NA	NA	NA	NA	1.759
"YDR043C"	231	NA	0	NA	NA	NA	NA	38.246
"YDR044W"	328	0	0	-1	44	0.363636363636364	26.9	86.871
"YDR045C"	110	1	0	-6.1	156	0.365384615384615	29.9	138.819
"YDR046C"	604	1	0	-13.7	91	0.362637362637363	32.5	105.691
"YDR047W"	362	4	0	-11.1	351	0.41025641025641	34.9	63.544
"YDR049W"	632	NA	-3.7	NA	NA	NA	25.8	20.394
"YDR050C"	248	0	0	-4	31	0.419354838709677	26.5	9947.107
"YDR051C"	334	0	-1.4	-6.4	47	0.382978723404255	30	47.039
"YDR052C"	704	0	0	-13.4	124	0.354838709677419	27.9	21.68
"YDR054C"	295	0	0	-12.9	190	0.389473684210526	22.6	109.169
"YDR055W"	444	0	0	-4.9	62	0.403225806451613	30.3	213.541
"YDR056C"	205	0	-0.3	-8.2	59	0.406779661016949	28	176.579
"YDR057W"	542	NA	0	NA	NA	NA	35	24.556
"YDR058C"	326	NA	-1.1	NA	NA	NA	50.1	10.326
"YDR059C"	148	NA	0	NA	NA	NA	31.9	63.145
"YDR060W"	1025	1	-1.6	-8.3	95	0.357894736842105	24.2	72.748
"YDR061W"	539	NA	-2.4	NA	NA	NA	NA	24.003
"YDR062W"	561	NA	0	NA	NA	NA	NA	131.935
"YDR063W"	149	1	-1.9	-7.8	129	0.348837209302326	28.5	140.314
"YDR064W"	151	0	0	-6.2	22	0.363636363636364	20.3	6109.609
"YDR065W"	365	NA	-1.7	NA	NA	NA	NA	6.846
"YDR066C"	196	NA	-0.4	NA	NA	NA	35.5	10.495
"YDR067C"	224	2	-2.9	-6.6	46	0.391304347826087	33.4	28.954
"YDR068W"	310	NA	-2.3	NA	NA	NA	25.8	46.495
"YDR069C"	926	NA	0	NA	NA	NA	31.4	14.149
"YDR070C"	93	NA	-0.8	NA	NA	NA	NA	35.245
"YDR071C"	191	NA	0	NA	NA	NA	22.1	351.8
"YDR072C"	527	0	-2.8	-7.3	127	0.354330708661417	28.9	54.272
"YDR073W"	169	1	0	-7.5	77	0.376623376623377	38.8	34.892
"YDR074W"	896	NA	-1.8	NA	NA	NA	NA	129.258
"YDR075W"	308	0	-1	-13.1	189	0.391534391534392	31.6	29.008
"YDR076W"	406	NA	-0.1	NA	NA	NA	NA	6.826
"YDR078C"	223	0	-3.2	-8.7	18	0.277777777777778	48.2	7.269
"YDR079C-A"	72	NA	-2	NA	NA	NA	28.2	77.975
"YDR079W"	111	NA	-0.4	NA	NA	NA	6.4	80.592
"YDR080W"	992	NA	-1	NA	NA	NA	23.9	19.322
"YDR081C"	925	0	-3.2	-12.7	88	0.375	35.4	16.187
"YDR082W"	494	NA	-5.1	NA	NA	NA	NA	1.599
"YDR084C"	199	1	-2.3	-8	35	0.4	21.4	99.454
"YDR085C"	620	NA	-3.3	NA	NA	NA	29.7	10.346
"YDR086C"	80	0	0	-11.6	94	0.361702127659574	22.2	983.843
"YDR087C"	278	0	-4.2	-8.1	30	0.4	35.1	75.931
"YDR088C"	382	NA	-1.2	NA	NA	NA	NA	20.483
"YDR089W"	869	NA	-1.8	NA	NA	NA	0.8	22.804
"YDR090C"	310	0	-0.3	-8	59	0.406779661016949	33	32.33
"YDR091C"	608	0	0	-5.3	73	0.383561643835616	32.3	191.815
"YDR092W"	153	NA	-0.4	NA	NA	NA	22.9	203.103
"YDR093W"	1612	0	0	-6.9	267	0.370786516853933	NA	25.303
"YDR096W"	894	0	-0.6	-14.2	9	0.555555555555556	28.4	21.58
"YDR097C"	1242	NA	-0.9	NA	NA	NA	30.6	27.075
"YDR098C"	285	NA	-0.9	NA	NA	NA	NA	219.44
"YDR100W"	143	0	-0.6	-6.8	41	0.390243902439024	34.3	216.847
"YDR101C"	593	0	0	-5.7	28	0.392857142857143	22.6	89.829
"YDR103W"	917	NA	0	NA	NA	NA	28.1	20.815
"YDR104C"	1245	0	-4.1	-10	50	0.42	29.3	3.624
"YDR105C"	473	0	0	-6.1	52	0.423076923076923	31.8	42.136
"YDR106W"	284	NA	-2.6	NA	NA	NA	31.7	1.267
"YDR107C"	672	NA	-2.9	NA	NA	NA	30.2	36.205
"YDR108W"	698	0	-1.8	-8.8	37	0.405405405405405	29.2	13.635
"YDR109C"	715	NA	0	NA	NA	NA	NA	8.78
"YDR110W"	566	0	-0.5	-10.7	39	0.41025641025641	31.1	22.984
"YDR111C"	507	NA	-2.2	NA	NA	NA	6.6	19.44
"YDR113C"	373	NA	-2.7	NA	NA	NA	NA	32.691
"YDR114C"	100	NA	0	NA	NA	NA	NA	0
"YDR115W"	105	NA	0	NA	NA	NA	NA	125.732
"YDR116C"	285	NA	-0.9	NA	NA	NA	36.8	53.958
"YDR117C"	565	NA	-1.4	NA	NA	NA	26.5	46.608
"YDR118W"	652	NA	-0.9	NA	NA	NA	NA	10.584
"YDR119W"	768	NA	-2.8	NA	NA	NA	NA	85.197
"YDR119W-A"	66	NA	-0.9	NA	NA	NA	5.6	25.024
"YDR120C"	570	NA	-0.2	NA	NA	NA	NA	64.77
"YDR121W"	196	NA	0	NA	NA	NA	NA	54.012
"YDR122W"	1064	NA	-2.1	NA	NA	NA	NA	27.908
"YDR123C"	304	NA	0	NA	NA	NA	NA	17.826
"YDR124W"	324	8	0	-12.4	365	0.405479452054795	48.1	1.918
"YDR125C"	453	NA	-2.3	NA	NA	NA	NA	3.477
"YDR126W"	336	NA	-0.8	NA	NA	NA	22.5	8.644
"YDR127W"	1588	0	-2.2	-4	77	0.376623376623377	26.3	285.075
"YDR128W"	1148	0	-1.3	-10.9	45	0.377777777777778	27.6	8.741
"YDR129C"	642	0	-0.1	-5.1	47	0.382978723404255	24	322.749
"YDR130C"	291	0	0	-6.3	1	1	30	24.064
"YDR131C"	556	NA	-3.1	NA	NA	NA	NA	7.795
"YDR132C"	495	12	0	-1	1231	0.398862713241267	39.2	8.831
"YDR135C"	1515	NA	-3.1	NA	NA	NA	24.8	55.091
"YDR137W"	663	NA	-3	NA	NA	NA	NA	13.697
"YDR138W"	752	0	-1.5	-8.7	14	0.357142857142857	37.2	18.201
"YDR139C"	77	0	-0.6	-12.5	6	0.666666666666667	24.1	175.522
"YDR140W"	221	0	-0.7	-10.3	15	0.333333333333333	31.5	36.42
"YDR141C"	1698	NA	-1	NA	NA	NA	NA	22.51
"YDR142C"	375	NA	0	NA	NA	NA	32.9	10.146
"YDR143C"	610	NA	0	NA	NA	NA	NA	26.322
"YDR144C"	596	0	0	-10.9	141	0.354609929078014	26.4	69.485
"YDR145W"	539	0	-1.9	-12.5	67	0.388059701492537	23.2	53.394
"YDR146C"	709	NA	-0.2	NA	NA	NA	26.9	56.64
"YDR147W"	534	NA	-4.1	NA	NA	NA	29	22.837
"YDR148C"	463	NA	0	NA	NA	NA	NA	174.439
"YDR151C"	325	0	0	-11.1	92	0.358695652173913	38.9	53.536
"YDR152W"	265	NA	-0.6	NA	NA	NA	27.4	102.049
"YDR153C"	411	NA	0	NA	NA	NA	NA	67.211
"YDR155C"	162	0	0	-2.9	33	0.393939393939394	23	5124.98
"YDR156W"	137	0	-2.2	-8.6	51	0.411764705882353	33.9	193.784
"YDR158W"	365	0	-2.1	-8.3	36	0.416666666666667	23.2	1694.929
"YDR159W"	1301	0	-4.1	-10.2	87	0.379310344827586	22.2	11.279
"YDR160W"	852	1	-4	-3.5	179	0.385474860335196	NA	3.196
"YDR161W"	387	0	-5	-8.6	19	0.263157894736842	29.6	72.825
"YDR162C"	236	NA	0	NA	NA	NA	30.4	41.368
"YDR163W"	175	1	-1.8	-9.1	74	0.378378378378378	37.1	38.628
"YDR164C"	724	NA	-3.3	NA	NA	NA	32.9	18.963
"YDR165W"	444	0	-3.6	-10.9	38	0.394736842105263	24.1	86.267
"YDR166C"	971	NA	-4.9	NA	NA	NA	22	20.67
"YDR167W"	206	0	-0.1	-6.3	30	0.4	32.2	83.614
"YDR168W"	506	0	-0.4	-6.9	41	0.390243902439024	24.2	153.943
"YDR169C"	513	NA	0	NA	NA	NA	2.7	29.806
"YDR169C-A"	49	NA	-2.4	NA	NA	NA	NA	0
"YDR171W"	375	0	0	-5.7	70	0.385714285714286	30.3	78.114
"YDR172W"	685	0	-1.3	-8.7	45	0.377777777777778	25	316.392
"YDR173C"	355	NA	-0.9	NA	NA	NA	29.8	19.188
"YDR174W"	246	0	0	-8.7	24	0.333333333333333	29.3	348.81
"YDR175C"	319	0	-0.4	-7.7	48	0.395833333333333	23.7	49.465
"YDR176W"	702	NA	-1.2	NA	NA	NA	32.4	22.043
"YDR177W"	215	0	0	-6.9	90	0.366666666666667	26.6	209.14
"YDR178W"	181	0	-0.9	-6.5	103	0.339805825242718	31.5	165.245
"YDR179C"	162	NA	0	NA	NA	NA	28.3	17.672
"YDR179W-A"	463	NA	-5.6	NA	NA	NA	NA	9.193
"YDR180W"	1493	0	-2.7	-9.4	144	0.361111111111111	19.3	9.231
"YDR181C"	481	1	-0.8	-4.4	60	0.4	23.1	11.486
"YDR182W"	491	0	-1.7	-12.3	51	0.411764705882353	26.9	63.268
"YDR182W-A"	67	NA	-0.6	NA	NA	NA	NA	0
"YDR183W"	230	NA	-1.6	NA	NA	NA	34.2	32.222
"YDR184C"	294	0	0	-5.4	10	0.5	34.4	32.944
"YDR185C"	179	NA	0	NA	NA	NA	22.4	16.137
"YDR186C"	877	NA	-4.3	NA	NA	NA	27.8	27.839
"YDR188W"	546	0	0	-9.9	55	0.4	20.7	233.075
"YDR189W"	666	0	0	-9	43	0.372093023255814	25.8	56.06
"YDR190C"	463	NA	-1.7	NA	NA	NA	28.1	154.805
"YDR191W"	370	0	-2	-4.4	16	0.3125	31	9.996
"YDR192C"	430	0	-1.3	-8.5	46	0.391304347826087	20.9	36.198
"YDR194C"	664	NA	-0.8	NA	NA	NA	15.2	71.581
"YDR195W"	533	NA	0	NA	NA	NA	NA	22.185
"YDR196C"	241	0	-1.2	-14.6	1	1	37.5	47.749
"YDR197W"	389	0	-3.6	-10.1	34	0.382352941176471	34.7	13.956
"YDR198C"	479	NA	0	NA	NA	NA	25.5	12.191
"YDR200C"	604	0	-1.3	-9.6	66	0.393939393939394	29.9	13.946
"YDR201W"	165	0	0	-16.9	1	1	28.8	41.054
"YDR202C"	351	NA	-4.9	NA	NA	NA	22.4	27.688
"YDR204W"	335	NA	0	NA	NA	NA	36.2	53.252
"YDR205W"	724	0	-1.3	-11.5	11	0.454545454545455	31.8	20.874
"YDR206W"	884	NA	-3.8	NA	NA	NA	NA	19.16
"YDR207C"	836	1	-2.5	-8.3	90	0.366666666666667	27.1	18.26
"YDR208W"	779	0	0	-3	125	0.352	30.8	43.378
"YDR210W"	75	0	-0.2	-4.1	17	0.294117647058824	29.1	322.477
"YDR211W"	712	NA	-0.8	NA	NA	NA	26.9	84.199
"YDR212W"	559	NA	0	NA	NA	NA	25.1	253.344
"YDR213W"	913	NA	-0.1	NA	NA	NA	34.4	12.531
"YDR214W"	350	NA	0	NA	NA	NA	30.8	210.382
"YDR216W"	1323	NA	0	NA	NA	NA	26.3	18.611
"YDR217C"	1309	NA	-0.8	NA	NA	NA	24.4	12.689
"YDR218C"	423	NA	-0.7	NA	NA	NA	NA	0.495
"YDR219C"	465	NA	-2.6	NA	NA	NA	NA	30.29
"YDR221W"	702	NA	-3.8	NA	NA	NA	NA	38.784
"YDR222W"	415	NA	-0.3	NA	NA	NA	32.9	51.202
"YDR223W"	467	NA	0	NA	NA	NA	NA	1.801
"YDR224C"	131	0	0	-1.3	35	0.4	27.3	1750.403
"YDR226W"	222	0	0	-6.4	24	0.333333333333333	24.3	1661.909
"YDR227W"	1358	NA	-0.7	NA	NA	NA	NA	11.96
"YDR228C"	626	0	0	-8.5	70	0.385714285714286	29.1	19.906
"YDR229W"	453	NA	0	NA	NA	NA	25.8	27.934
"YDR231C"	205	0	-0.5	-11.9	26	0.384615384615385	26	41.013
"YDR232W"	548	NA	0	NA	NA	NA	32	136.322
"YDR233C"	295	0	-0.3	-3.2	13	0.384615384615385	27.2	719.118
"YDR234W"	693	NA	-3.1	NA	NA	NA	3.2	70.727
"YDR235W"	544	0	-1	-6.9	1	1	29.5	19.031
"YDR236C"	218	0	-3.8	-10.4	26	0.384615384615385	27.9	47.093
"YDR237W"	292	0	-0.4	-11.9	143	0.356643356643357	34	46.385
"YDR238C"	973	0	-0.8	-4.7	34	0.382352941176471	20.3	192.251
"YDR239C"	787	0	-0.1	-8.6	10	0.5	26.5	18.425
"YDR240C"	492	0	-4.4	-6	21	0.333333333333333	32.1	14.983
"YDR242W"	549	0	0	-11.4	62	0.403225806451613	46.4	2.983
"YDR243C"	588	0	0	-13	30	0.4	31.2	16.836
"YDR244W"	612	0	0	-7.7	26	0.384615384615385	16.5	32.3
"YDR245W"	393	NA	-1.6	NA	NA	NA	5.2	89.034
"YDR246W"	219	0	-0.3	-6.1	36	0.416666666666667	25.6	37.422
"YDR246W-A"	66	NA	0	NA	NA	NA	NA	1.976
"YDR247W"	461	1	0	-4.5	279	0.376344086021505	30.8	14.588
"YDR248C"	193	2	-5.4	-12.8	59	0.406779661016949	26.6	55.045
"YDR249C"	373	NA	-1.8	NA	NA	NA	NA	7.125
"YDR251W"	830	NA	-3.7	NA	NA	NA	24.1	35.492
"YDR252W"	149	0	0	-7.1	9	0.555555555555556	37.9	18.402
"YDR253C"	191	NA	-3.5	NA	NA	NA	NA	6.291
"YDR254W"	458	NA	-1.2	NA	NA	NA	19.2	11.698
"YDR255C"	421	NA	-0.1	NA	NA	NA	25.2	11.319
"YDR256C"	515	NA	-1.4	NA	NA	NA	NA	0.205
"YDR257C"	494	0	-0.1	-5.8	5	0.6	31.1	29.529
"YDR258C"	811	1	-1.2	-6.3	74	0.378378378378378	25.5	119.774
"YDR259C"	383	NA	-1.1	NA	NA	NA	34.8	4.086
"YDR260C"	170	NA	-1.7	NA	NA	NA	NA	41.121
"YDR261C"	562	0	-7	-11.1	32	0.40625	30.9	53.247
"YDR262W"	272	0	0	-5.4	12	0.416666666666667	33.2	58.839
"YDR263C"	430	NA	0	NA	NA	NA	38.1	1.584
"YDR264C"	764	0	-1.1	-6.7	98	0.357142857142857	33.3	79.218
"YDR265W"	337	0	-4.3	-7.7	45	0.377777777777778	40	11.698
"YDR266C"	639	0	-1.7	-8.07	138	0.355072463768116	23.7	55.961
"YDR267C"	330	0	-0.5	-7.1	72	0.388888888888889	31.2	36.118
"YDR268W"	379	0	-0.6	-6.2	69	0.376811594202899	33.7	20.776
"YDR270W"	1004	NA	-3.2	NA	NA	NA	18.4	13.974
"YDR272W"	274	0	0	-4.38	58	0.396551724137931	26	153.016
"YDR273W"	365	NA	0	NA	NA	NA	46.3	2.282
"YDR275W"	235	NA	-2.2	NA	NA	NA	NA	10.816
"YDR276C"	55	0	0	-2.9	42	0.380952380952381	29.9	2341.128
"YDR277C"	433	NA	-2.7	NA	NA	NA	NA	7.385
"YDR279W"	350	NA	-2	NA	NA	NA	28.9	27.022
"YDR280W"	305	0	0	-2.6	56	0.392857142857143	24.5	50.434
"YDR281C"	104	NA	-1.6	NA	NA	NA	36.4	4.06
"YDR282C"	414	0	-1.2	-12	8	0.625	4.2	9.101
"YDR283C"	1659	NA	0	NA	NA	NA	NA	14.847
"YDR284C"	289	0	0	-8.9	290	0.386206896551724	27.6	99.735
"YDR285W"	875	7	-1.1	-6.7	478	0.412133891213389	41.1	0.733
"YDR286C"	114	NA	-0.1	NA	NA	NA	25.8	44.162
"YDR287W"	292	0	0	-6.8	25	0.36	30.4	34.745
"YDR288W"	303	NA	-0.9	NA	NA	NA	NA	17.711
"YDR289C"	409	NA	-0.8	NA	NA	NA	32.2	32.74
"YDR291W"	1077	1	-0.6	-8.3	39	0.41025641025641	25.4	8.064
"YDR292C"	621	NA	-1.6	NA	NA	NA	26.9	58.309
"YDR293C"	1250	NA	0	NA	NA	NA	NA	65.026
"YDR294C"	589	NA	-2.9	NA	NA	NA	18.9	67.412
"YDR295C"	674	0	-0.9	-4	175	0.382857142857143	29.3	16.316
"YDR296W"	226	0	-0.6	-4.8	54	0.407407407407407	29.6	56.533
"YDR297W"	349	0	-2.3	-9.8	23	0.347826086956522	28.1	100.342
"YDR298C"	212	NA	-3.5	NA	NA	NA	24.6	261.64
"YDR299W"	534	NA	-0.5	NA	NA	NA	NA	44.092
"YDR300C"	428	NA	-1.1	NA	NA	NA	33.4	71.13
"YDR301W"	1357	NA	-1.2	NA	NA	NA	NA	17.834
"YDR302W"	219	0	-0.9	-5.7	44	0.363636363636364	31.5	69.3
"YDR303C"	885	NA	0	NA	NA	NA	NA	37.192
"YDR304C"	225	NA	-2.7	NA	NA	NA	25.3	446.7
"YDR305C"	217	NA	-5.6	NA	NA	NA	16.3	31.219
"YDR306C"	478	NA	0	NA	NA	NA	35	17.168
"YDR307W"	662	0	0	-10.2	44	0.363636363636364	34.6	32.647
"YDR308C"	140	1	0	-0.2	42	0.380952380952381	24.9	67.759
"YDR309C"	383	0	-0.8	-5.4	51	0.411764705882353	34.1	133.078
"YDR310C"	1062	NA	-2.7	NA	NA	NA	1.7	16.2
"YDR311W"	642	NA	-0.4	NA	NA	NA	23.1	22.316
"YDR313C"	286	1	0	-9.8	20	0.3	33.9	16.907
"YDR314C"	692	0	0	-6.4	14	0.357142857142857	68.8	2.842
"YDR315C"	281	0	-1.8	-12.3	2	1	32.9	9.51
"YDR316W"	471	0	0	-13.9	5	0.6	29.6	15.182
"YDR317W"	414	NA	-0.3	NA	NA	NA	NA	3.413
"YDR318W"	368	NA	-1.5	NA	NA	NA	32.4	9.907
"YDR319C"	274	0	0	-5.9	48	0.395833333333333	31.3	20.976
"YDR320C"	668	NA	-0.9	NA	NA	NA	31.2	30.135
"YDR320C-A"	72	0	-0.4	-5.9	1	1	29.7	154.107
"YDR321W"	381	0	-2	-8.1	32	0.40625	27.7	290.904
"YDR322C-A"	96	0	-2.5	-13.6	45	0.377777777777778	27.5	200.039
"YDR322W"	367	0	-1.5	-2.5	27	0.37037037037037	32.6	50.939
"YDR323C"	515	NA	-2.3	NA	NA	NA	NA	8.806
"YDR324C"	776	NA	-0.6	NA	NA	NA	NA	53.088
"YDR325W"	1035	NA	-2.8	NA	NA	NA	NA	10.353
"YDR326C"	1438	NA	-1.7	NA	NA	NA	NA	21.968
"YDR328C"	194	NA	0	NA	NA	NA	NA	281.928
"YDR329C"	441	0	-0.4	-10.7	23	0.347826086956522	32	30.451
"YDR330W"	500	NA	-3.4	NA	NA	NA	29.8	31.083
"YDR331W"	411	NA	-2.3	NA	NA	NA	NA	58.682
"YDR332W"	689	NA	-1.2	NA	NA	NA	27.8	3.086
"YDR333C"	723	0	0	-14.6	14	0.357142857142857	35.5	33.856
"YDR334W"	1514	NA	0	NA	NA	NA	NA	6.153
"YDR335W"	1224	NA	-5.9	NA	NA	NA	2.3	37.297
"YDR336W"	314	0	-1.7	-15.4	8	0.625	34.8	10.537
"YDR337W"	286	0	-2	-6.5	68	0.382352941176471	37.4	50.722
"YDR338C"	695	0	0	-3.9	60	0.4	26.4	11.551
"YDR339C"	189	NA	0	NA	NA	NA	NA	112.231
"YDR341C"	607	0	-4.7	-8.5	22	0.363636363636364	25.3	458.09
"YDR346C"	481	0	-1.9	-13	158	0.367088607594937	30.2	144.721
"YDR347W"	321	NA	-1.5	NA	NA	NA	33.5	55.782
"YDR348C"	499	NA	0	NA	NA	NA	NA	50.568
"YDR349C"	596	NA	-0.5	NA	NA	NA	33	32.61
"YDR350C"	684	NA	-2.9	NA	NA	NA	25.7	7.692
"YDR351W"	864	NA	0	NA	NA	NA	NA	19.843
"YDR352W"	317	NA	0	NA	NA	NA	NA	40.136
"YDR353W"	319	NA	-0.8	NA	NA	NA	8.5	691.542
"YDR354W"	380	0	0	-3.3	127	0.354330708661417	29.8	115.831
"YDR356W"	944	NA	-2.7	NA	NA	NA	17.6	19.097
"YDR357C"	122	NA	-4.3	NA	NA	NA	26.6	66.74
"YDR358W"	557	NA	-2.8	NA	NA	NA	NA	36.061
"YDR359C"	982	NA	0	NA	NA	NA	NA	12.592
"YDR361C"	283	0	-0.4	-6.6	35	0.4	31.3	102.459
"YDR362C"	672	NA	-1.1	NA	NA	NA	NA	15.019
"YDR363W"	456	NA	0	NA	NA	NA	31.3	12.439
"YDR363W-A"	89	0	0	-7.4	17	0.294117647058824	21.6	417.308
"YDR364C"	455	NA	-2.1	NA	NA	NA	37	12.35
"YDR365C"	628	NA	-1.6	NA	NA	NA	36.5	54.552
"YDR367W"	221	NA	0	NA	NA	NA	22.4	80.17
"YDR368W"	312	0	-0.6	-5.6	52	0.423076923076923	30.3	264.355
"YDR369C"	854	NA	-1	NA	NA	NA	NA	8.879
"YDR370C"	442	NA	-1	NA	NA	NA	36.8	14.718
"YDR371W"	511	0	-0.2	-6.8	35	0.4	32.9	18.158
"YDR372C"	345	NA	0	NA	NA	NA	NA	134.266
"YDR373W"	190	0	-0.9	-12.4	94	0.361702127659574	21.5	132.234
"YDR374C"	306	NA	-4.5	NA	NA	NA	NA	0.675
"YDR374W-A"	89	NA	0	NA	NA	NA	35.3	59.247
"YDR375C"	456	0	0	-10.5	17	0.294117647058824	29.2	19.58
"YDR376W"	493	NA	-1.3	NA	NA	NA	31.6	25.101
"YDR377W"	101	NA	-0.7	NA	NA	NA	6.8	476.534
"YDR378C"	86	0	0	-14	19	0.263157894736842	26.7	345.192
"YDR379C-A"	79	NA	0	NA	NA	NA	NA	40.402
"YDR379W"	1009	NA	-1.4	NA	NA	NA	44.6	11.199
"YDR380W"	635	NA	0	NA	NA	NA	NA	45.111
"YDR381C-A"	114	NA	-0.7	NA	NA	NA	NA	23.331
"YDR381W"	226	0	0	-7.1	98	0.357142857142857	23.5	560.168
"YDR382W"	110	NA	0	NA	NA	NA	5.8	6247.729
"YDR383C"	238	0	-0.1	-0.9	23	0.347826086956522	44.2	10.475
"YDR384C"	275	1	0	-7.8	122	0.352459016393443	42	211.845
"YDR386W"	632	NA	0	NA	NA	NA	NA	7.637
"YDR387C"	555	NA	-2.3	NA	NA	NA	36.4	9.809
"YDR388W"	482	NA	0	NA	NA	NA	NA	188.972
"YDR389W"	654	NA	-2	NA	NA	NA	28.4	30.926
"YDR390C"	636	0	-1.9	-7.5	30	0.4	31.9	37.952
"YDR391C"	232	0	-0.7	-5.5	12	0.416666666666667	46.2	27.584
"YDR392W"	337	0	-8.7	-13.2	71	0.394366197183099	37	20.626
"YDR393W"	456	NA	-1.9	NA	NA	NA	29.5	9.905
"YDR394W"	428	0	-0.4	-9.1	105	0.333333333333333	30	154.38
"YDR395W"	944	0	0	-11.5	123	0.349593495934959	23.1	89.309
"YDR397C"	146	0	-0.6	-6.1	65	0.4	23.9	122.153
"YDR398W"	643	0	0	-9.8	37	0.405405405405405	21.3	47.534
"YDR399W"	221	1	-0.9	-8.8	78	0.371794871794872	28	116.819
"YDR400W"	340	0	-0.7	-9	21	0.333333333333333	29.7	56.169
"YDR402C"	489	NA	0	NA	NA	NA	NA	0.215
"YDR403W"	536	NA	-1.3	NA	NA	NA	NA	1.872
"YDR404C"	171	0	-2.9	-11.4	193	0.383419689119171	30.5	143.301
"YDR405W"	263	NA	0	NA	NA	NA	NA	49.053
"YDR406W"	1529	NA	0	NA	NA	NA	NA	11.165
"YDR407C"	1289	0	-3.2	-15.7	81	0.37037037037037	32.4	12.967
"YDR408C"	214	0	0	-8.6	47	0.382978723404255	29.6	113.283
"YDR410C"	239	NA	-5.1	NA	NA	NA	33.2	65.582
"YDR411C"	341	0	0	-6.2	51	0.411764705882353	36.3	77.625
"YDR412W"	235	0	-0.8	-13.8	68	0.382352941176471	34.7	78.306
"YDR414C"	362	NA	-1.4	NA	NA	NA	NA	18.977
"YDR415C"	374	0	-3.2	-10.1	29	0.379310344827586	26.9	48.493
"YDR416W"	859	0	-2.6	-7.3	64	0.40625	32.4	11.563
"YDR419W"	632	NA	-4.1	NA	NA	NA	NA	10.071
"YDR421W"	950	NA	-2.8	NA	NA	NA	31.3	5.97
"YDR422C"	815	0	-2.8	-12.7	57	0.385964912280702	32.8	21.012
"YDR423C"	409	NA	-1.4	NA	NA	NA	NA	28.136
"YDR424C"	92	NA	0	NA	NA	NA	23.5	0
"YDR425W"	625	NA	0	NA	NA	NA	24.3	16.289
"YDR427W"	393	NA	-3.5	NA	NA	NA	25.6	183.516
"YDR428C"	261	0	-3.7	-8.6	29	0.379310344827586	32.5	31.761
"YDR429C"	274	0	-1.8	-5.8	18	0.277777777777778	23.3	385.443
"YDR430C"	989	NA	-4	NA	NA	NA	30.2	29.286
"YDR432W"	414	0	-2.6	-6.2	29	0.379310344827586	3	580.71
"YDR434W"	534	NA	-0.2	NA	NA	NA	22.9	64.358
"YDR435C"	328	NA	0	NA	NA	NA	30.6	22.27
"YDR436W"	710	NA	-2.7	NA	NA	NA	NA	11.387
"YDR437W"	140	0	-0.3	-14.2	68	0.382352941176471	13.3	14.247
"YDR438W"	370	NA	0	NA	NA	NA	NA	0.141
"YDR439W"	347	NA	-0.8	NA	NA	NA	NA	16.167
"YDR440W"	582	0	-1.5	-15.9	96	0.364583333333333	22.4	10.548
"YDR441C"	181	1	-0.1	-6	42	0.380952380952381	32.2	32.223
"YDR443C"	1420	NA	-2.3	NA	NA	NA	39.7	8.488
"YDR444W"	687	0	-3.5	-3.6	66	0.393939393939394	27.1	8.742
"YDR446W"	302	NA	0	NA	NA	NA	NA	0.513
"YDR448W"	434	0	0	-8.1	37	0.405405405405405	33	24.039
"YDR449C"	440	0	-1.3	-7.1	30	0.4	31.3	43.988
"YDR451C"	353	NA	0	NA	NA	NA	21.6	67.889
"YDR452W"	674	NA	-5	NA	NA	NA	28.4	55.017
"YDR453C"	196	NA	-0.7	NA	NA	NA	NA	37.629
"YDR454C"	187	0	-0.6	-7.4	17	0.294117647058824	24.1	773.015
"YDR456W"	633	1	-0.1	-15.9	44	0.363636363636364	26.6	52.288
"YDR457W"	3268	NA	0	NA	NA	NA	NA	30.147
"YDR458C"	663	0	-3.4	-7.1	50	0.42	28.6	26.832
"YDR459C"	374	NA	-3.2	NA	NA	NA	40.3	7.804
"YDR460W"	321	0	-0.6	-9.9	113	0.345132743362832	34.7	28.697
"YDR461C-A"	80	NA	0	NA	NA	NA	25.8	94.048
"YDR461W"	36	NA	0	NA	NA	NA	5.4	2161.364
"YDR462W"	147	0	0	-8.9	55	0.4	35.2	90.14
"YDR463W"	519	NA	0	NA	NA	NA	28.2	72.766
"YDR464W"	1435	NA	-2.5	NA	NA	NA	NA	13.2
"YDR465C"	412	0	0	-11.7	44	0.363636363636364	28.1	55.751
"YDR466W"	898	NA	-2.2	NA	NA	NA	18.4	14.344
"YDR468C"	224	0	-1.2	-8.8	53	0.415094339622642	32.1	60.622
"YDR469W"	175	NA	-6.1	NA	NA	NA	4.4	53.966
"YDR470C"	502	NA	-2.6	NA	NA	NA	NA	22.461
"YDR471W"	136	0	-0.2	-5.8	37	0.405405405405405	22.3	1936.981
"YDR472W"	283	0	-3.3	-5.9	71	0.394366197183099	36.4	43.963
"YDR473C"	469	NA	-7.3	NA	NA	NA	NA	16.477
"YDR475C"	876	0	0	-3.1	33	0.393939393939394	24.6	10.184
"YDR476C"	224	0	-1.5	-12.9	19	0.263157894736842	27.5	76.23
"YDR477W"	633	0	0	-7.4	282	0.382978723404255	26.6	72.064
"YDR478W"	198	0	-0.4	-4	41	0.390243902439024	27.3	20.541
"YDR479C"	554	NA	-1.9	NA	NA	NA	35.4	15.263
"YDR480W"	323	NA	0	NA	NA	NA	NA	17.79
"YDR481C"	566	0	-1.6	-6.9	56	0.392857142857143	21	80.724
"YDR482C"	135	NA	-2.5	NA	NA	NA	NA	29.792
"YDR483W"	442	0	-0.6	-9.9	27	0.37037037037037	34.1	248.892
"YDR484W"	641	0	0	-10.6	30	0.4	24.7	14.982
"YDR485C"	795	NA	-2.4	NA	NA	NA	NA	13.481
"YDR486C"	229	0	0	-8.1	10	0.5	30.9	84.207
"YDR488C"	533	0	-0.8	-8.6	50	0.42	NA	8.22
"YDR489W"	294	0	-2.9	-8.4	10	0.5	32	19.626
"YDR490C"	766	0	0	-14.5	86	0.383720930232558	28.2	18.084
"YDR492W"	316	0	0	-6.3	155	0.367741935483871	28.6	53.184
"YDR493W"	123	0	0	-9.9	89	0.370786516853933	28.7	48.722
"YDR494W"	361	0	0	-5.6	65	0.4	34.8	36.757
"YDR495C"	1011	NA	-2.2	NA	NA	NA	28.6	7.416
"YDR496C"	656	0	-2.5	-7.8	29	0.379310344827586	30.3	83.924
"YDR497C"	584	0	-1.4	-10.6	76	0.381578947368421	24.4	485.872
"YDR498C"	383	NA	0	NA	NA	NA	36.7	23.973
"YDR499W"	747	NA	0	NA	NA	NA	NA	9.125
"YDR500C"	88	NA	0	NA	NA	NA	15.4	2418.546
"YDR501W"	521	NA	-1.8	NA	NA	NA	24.9	9.72
"YDR502C"	384	0	-0.1	-10.4	1	1	26.4	897.835
"YDR503C"	274	NA	0	NA	NA	NA	26.7	34.274
"YDR504C"	127	NA	-2	NA	NA	NA	NA	3.031
"YDR505C"	841	0	-1.1	-6.2	230	0.373913043478261	34.5	53.635
"YDR506C"	608	0	-1.9	-13.1	19	0.263157894736842	33.9	13.508
"YDR507C"	1142	0	0	-7.1	126	0.357142857142857	31.7	41.816
"YDR508C"	663	0	-0.8	-6.6	45	0.377777777777778	22.5	259.833
"YDR510W"	101	0	-2.4	-8.4	47	0.382978723404255	24.5	928.084
"YDR511W"	133	0	-1.1	-4	26	0.384615384615385	25.4	58.561
"YDR512C"	187	NA	-1.1	NA	NA	NA	NA	89.009
"YDR513W"	143	NA	-0.2	NA	NA	NA	4.3	439.489
"YDR514C"	483	NA	-2	NA	NA	NA	30.1	18.739
"YDR515W"	447	NA	-0.5	NA	NA	NA	NA	29.352
"YDR516C"	500	0	-0.6	-9.9	53	0.415094339622642	25.7	99.992
"YDR517W"	372	0	0	-8	74	0.378378378378378	35	72.834
"YDR518W"	517	0	-1.9	-6.8	26	0.384615384615385	30.5	93.747
"YDR519W"	135	NA	-1.3	NA	NA	NA	NA	191.314
"YDR520C"	772	NA	-4.9	NA	NA	NA	NA	10.837
"YDR522C"	502	NA	-3.1	NA	NA	NA	NA	0.105
"YDR523C"	490	NA	0	NA	NA	NA	NA	0.107
"YDR524C"	482	NA	-2.8	NA	NA	NA	0.9	19.323
"YDR524C-B"	66	0	0	-1.6	46	0.391304347826087	21.8	16498.953
"YDR524W-C"	29	NA	0	NA	NA	NA	NA	0
"YDR525W-A"	79	NA	-0.8	NA	NA	NA	30.2	196.322
"YDR527W"	439	0	0	-12.1	13	0.384615384615385	27.4	42.651
"YDR528W"	423	NA	-5.4	NA	NA	NA	NA	26.25
"YDR529C"	127	NA	-2.2	NA	NA	NA	3	338.759
"YDR530C"	325	NA	-1.7	NA	NA	NA	41.3	22.307
"YDR531W"	367	NA	-5	NA	NA	NA	32.1	83.148
"YDR532C"	385	NA	-1	NA	NA	NA	NA	9.758
"YDR533C"	237	NA	0	NA	NA	NA	NA	160.312
"YDR534C"	528	NA	0	NA	NA	NA	1	0
"YDR536W"	569	NA	-2.4	NA	NA	NA	NA	0
"YDR538W"	242	0	-2.6	-13.1	64	0.40625	35	21.256
"YDR539W"	503	NA	0	NA	NA	NA	6.2	39.494
"YDR540C"	179	NA	0	NA	NA	NA	NA	7.234
"YDR541C"	344	NA	-0.9	NA	NA	NA	NA	8.302
"YEL001C"	225	NA	-3.8	NA	NA	NA	NA	295.097
"YEL002C"	430	0	-1.7	-14.2	51	0.411764705882353	24.2	277.151
"YEL003W"	111	NA	-0.5	NA	NA	NA	0.9	118.117
"YEL004W"	342	0	-4.7	-11.9	25	0.36	25.9	21.553
"YEL005C"	282	NA	-6.6	NA	NA	NA	NA	13.306
"YEL006W"	335	NA	-1.7	NA	NA	NA	34.5	24.149
"YEL009C"	281	NA	0	NA	NA	NA	33.6	402.714
"YEL011W"	704	0	0	-3.2	32	0.40625	25	18.96
"YEL012W"	218	0	-0.1	-15.9	146	0.363013698630137	32.5	40.133
"YEL013W"	578	NA	0	NA	NA	NA	NA	140.064
"YEL015W"	551	1	-0.7	-9.9	42	0.380952380952381	34.7	55.909
"YEL016C"	493	NA	-4.6	NA	NA	NA	NA	8.972
"YEL017C-A"	43	0	0	-6.4	31	0.419354838709677	34.9	2509.058
"YEL017W"	337	0	0	-4.4	31	0.419354838709677	36.7	75.578
"YEL018W"	279	NA	0	NA	NA	NA	34.7	23.015
"YEL019C"	267	NA	0	NA	NA	NA	30.8	11.131
"YEL020C"	560	NA	0	NA	NA	NA	NA	5.57
"YEL020W-A"	87	NA	0	NA	NA	NA	NA	188.523
"YEL022W"	1459	NA	-1.8	NA	NA	NA	23.1	30.656
"YEL023C"	682	NA	0	NA	NA	NA	NA	0
"YEL024W"	215	0	-1.5	-4.3	62	0.403225806451613	30.7	121.254
"YEL025C"	1188	0	-3	-13.2	18	0.277777777777778	25	5.694
"YEL026W"	126	0	0	-8.3	91	0.362637362637363	27.9	945.559
"YEL027W"	160	NA	0	NA	NA	NA	25.8	2645.425
"YEL029C"	312	NA	-0.9	NA	NA	NA	29.4	29.483
"YEL030W"	644	NA	-0.4	NA	NA	NA	33.3	0.906
"YEL031W"	1215	0	-2.8	-9.9	32	0.40625	26.7	194.433
"YEL032W"	971	0	0	-6.3	52	0.423076923076923	25.9	35.937
"YEL034W"	157	NA	0	NA	NA	NA	2.2	5185.388
"YEL035C"	166	NA	-4.7	NA	NA	NA	NA	0
"YEL036C"	500	1	-4.2	-11.2	146	0.363013698630137	27.4	55.738
"YEL037C"	398	0	0	-7.7	160	0.375	23.1	215.436
"YEL038W"	227	2	-2.4	-12.2	48	0.395833333333333	23.6	92.494
"YEL040W"	467	0	-0.2	-10.6	17	0.294117647058824	22.7	353.084
"YEL041W"	495	NA	-0.7	NA	NA	NA	31.8	5.107
"YEL042W"	518	0	0	-9.2	85	0.376470588235294	27.5	160.059
"YEL043W"	956	1	-2.1	-13	14	0.357142857142857	25.8	16.007
"YEL044W"	166	0	-1.6	-8.9	30	0.4	41.1	50.664
"YEL046C"	387	0	-0.5	-5.6	103	0.339805825242718	35	581.926
"YEL047C"	470	0	0	-11.4	15	0.333333333333333	35.1	165.107
"YEL048C"	152	0	0	-10.6	22	0.363636363636364	36	46.8
"YEL050C"	393	NA	0	NA	NA	NA	28.3	49.965
"YEL051W"	256	0	-0.6	-9.4	51	0.411764705882353	20.3	450.219
"YEL052W"	509	0	-2	-6.6	64	0.40625	32.1	36.247
"YEL053C"	733	0	-0.7	-13.8	47	0.382978723404255	27	12.055
"YEL055C"	1022	NA	-1.5	NA	NA	NA	26.9	61.847
"YEL056W"	401	0	0	-8.6	52	0.423076923076923	28.9	40.015
"YEL057C"	233	NA	0	NA	NA	NA	NA	0.872
"YEL058W"	557	0	-3.2	-12.7	39	0.41025641025641	23.4	92.809
"YEL059C-A"	74	0	-0.4	-9.3	30	0.4	26.4	30.622
"YEL060C"	635	0	0	-10.77	56	0.392857142857143	29.1	168.162
"YEL061C"	1000	NA	-1.3	NA	NA	NA	10.9	14.565
"YEL062W"	615	0	-5.5	-10.1	14	0.357142857142857	38.6	9.825
"YEL063C"	590	0	0	-12.2	232	0.370689655172414	24.3	109.207
"YEL064C"	480	NA	-1.7	NA	NA	NA	29.6	12.824
"YEL065W"	628	0	0	-10.3	21	0.333333333333333	26.1	93.903
"YEL066W"	179	NA	-2.2	NA	NA	NA	NA	84.023
"YEL067C"	195	NA	-2.3	NA	NA	NA	NA	1.8
"YEL071W"	496	0	-1.2	-8	14	0.357142857142857	20.3	645.091
"YEL072W"	231	NA	-0.9	NA	NA	NA	NA	2.638
"YEL073C"	107	NA	0	NA	NA	NA	NA	47.542
"YER001W"	762	NA	0	NA	NA	NA	25.2	68.165
"YER002W"	231	NA	-0.4	NA	NA	NA	NA	106.167
"YER003C"	429	0	0	-1.8	45	0.377777777777778	25.1	403.711
"YER004W"	231	0	-0.4	-13.8	9	0.555555555555556	34.2	133.643
"YER005W"	630	NA	-2	NA	NA	NA	NA	15.49
"YER006W"	520	0	-1.3	-4.7	28	0.392857142857143	24.1	145.464
"YER007C-A"	181	0	0	-7.6	33	0.393939393939394	25	220.051
"YER007W"	518	0	0	-7	22	0.363636363636364	42.5	7.229
"YER008C"	1336	0	0	-10.6	67	0.388059701492537	23.7	20.083
"YER009W"	125	0	-0.6	-6.2	35	0.4	25.4	1520.96
"YER010C"	234	0	0	-7	22	0.363636363636364	28.7	49.516
"YER012W"	198	0	0	-4.8	63	0.412698412698413	27.1	279.972
"YER013W"	1145	NA	0	NA	NA	NA	NA	11.013
"YER014W"	539	0	-0.2	-4.2	55	0.4	27	25.766
"YER015W"	744	NA	-4	NA	NA	NA	NA	3.793
"YER016W"	344	0	-1.9	-16	21	0.333333333333333	37.7	50.867
"YER017C"	761	NA	-2.4	NA	NA	NA	NA	30.031
"YER018C"	221	NA	0	NA	NA	NA	NA	28.403
"YER019C-A"	88	0	-3.8	-8.7	54	0.407407407407407	23.4	619.98
"YER019W"	477	NA	-1.8	NA	NA	NA	NA	31.98
"YER020W"	449	NA	-0.5	NA	NA	NA	NA	29.226
"YER021W"	523	0	0	-11.5	12	0.416666666666667	22.1	187.325
"YER022W"	687	0	-1.6	-3.4	31	0.419354838709677	34.9	25.995
"YER023W"	286	0	0	-2.6	37	0.405405405405405	27	562.256
"YER024W"	923	NA	0	NA	NA	NA	43.4	15.411
"YER025W"	527	0	-2.3	-3.4	27	0.37037037037037	24.3	431.273
"YER026C"	276	0	0	-4.6	13	0.384615384615385	30.2	555.612
"YER027C"	417	0	0	-7.5	73	0.383561643835616	30.9	112.225
"YER028C"	394	NA	0	NA	NA	NA	1.3	15.377
"YER029C"	196	0	0	-8	67	0.388059701492537	26	48.125
"YER030W"	153	0	0	-3.8	2	1	22.5	142.14
"YER031C"	223	0	-3.7	-8.7	35	0.4	27.7	236.23
"YER032W"	876	NA	-2.9	NA	NA	NA	27.7	17.381
"YER033C"	1076	NA	-0.4	NA	NA	NA	NA	6.875
"YER034W"	185	NA	0	NA	NA	NA	5.7	54.529
"YER035W"	145	NA	0	NA	NA	NA	52.2	133.011
"YER036C"	610	0	0	-6.2	27	0.37037037037037	25.5	408.813
"YER037W"	321	NA	-1.3	NA	NA	NA	NA	43.207
"YER038C"	464	0	-4.6	-11.9	11	0.454545454545455	34.1	5.436
"YER039C"	249	NA	-0.4	NA	NA	NA	NA	0.41
"YER039C-A"	72	NA	-0.1	NA	NA	NA	NA	13.507
"YER040W"	730	NA	-2.3	NA	NA	NA	24.8	22.894
"YER041W"	759	NA	-2.1	NA	NA	NA	35.7	2.948
"YER042W"	184	0	-0.4	-7.2	21	0.333333333333333	26.4	169.557
"YER043C"	449	0	0	-5.2	25	0.36	19.9	2732.781
"YER044C"	148	0	-1.6	-3.2	40	0.4	26.2	134.885
"YER044C-A"	408	NA	-0.8	NA	NA	NA	NA	0
"YER045C"	489	0	-3.4	-7.7	152	0.361842105263158	36	6.136
"YER046W"	143	NA	0	NA	NA	NA	32.2	10.229
"YER047C"	897	NA	-2.3	NA	NA	NA	NA	10.785
"YER048C"	391	0	-1.4	-5.5	68	0.382352941176471	28.7	175.202
"YER048W-A"	94	0	-1.7	-7.5	37	0.405405405405405	31.7	230.218
"YER049W"	644	0	-0.8	-3.4	19	0.263157894736842	23.7	105.307
"YER050C"	138	NA	-3.9	NA	NA	NA	25	88.346
"YER051W"	492	NA	-1.4	NA	NA	NA	NA	9.632
"YER052C"	527	NA	0	NA	NA	NA	24.5	320.726
"YER053C"	300	0	-1.3	-6.9	91	0.362637362637363	33.1	37.305
"YER053C-A"	37	NA	-0.6	NA	NA	NA	38	76.079
"YER054C"	548	NA	0	NA	NA	NA	NA	2.699
"YER055C"	297	0	-2	-8	10	0.5	27	614.564
"YER056C"	533	0	-0.7	-0.5	88	0.375	27.1	171.042
"YER057C"	129	0	0	-3.8	81	0.37037037037037	28	513.869
"YER058W"	107	NA	-4.6	NA	NA	NA	24	36.537
"YER059W"	420	NA	-1.8	NA	NA	NA	29.7	30.295
"YER060W"	528	0	-0.5	-11.8	140	0.35	30.6	15.192
"YER061C"	442	0	-0.3	-6	32	0.40625	34.2	15.667
"YER062C"	250	NA	0	NA	NA	NA	5.6	313.364
"YER063W"	218	0	-2.9	-6.9	62	0.403225806451613	23.4	196.259
"YER064C"	505	0	-0.7	-5.1	91	0.362637362637363	32.4	63.031
"YER065C"	557	1	0	-9.9	265	0.369811320754717	41.8	1.898
"YER067W"	161	NA	-3.2	NA	NA	NA	31.3	50.864
"YER068W"	587	0	0	-5.8	84	0.369047619047619	21.7	62.675
"YER069W"	863	0	-2.4	-7.2	53	0.415094339622642	37.6	149.083
"YER070W"	888	0	-3.2	-4.2	54	0.407407407407407	28.3	202.19
"YER071C"	126	NA	-1.9	NA	NA	NA	17.6	55.329
"YER072W"	129	NA	0	NA	NA	NA	24.6	438.003
"YER073W"	520	0	0	-5.5	81	0.37037037037037	31.2	256.235
"YER074W-A"	85	NA	-0.9	NA	NA	NA	0.6	150.466
"YER075C"	928	NA	0	NA	NA	NA	25.1	11.929
"YER076C"	302	NA	-0.9	NA	NA	NA	NA	8.2
"YER077C"	688	NA	-1	NA	NA	NA	NA	9.734
"YER078C"	511	NA	-6	NA	NA	NA	NA	26.618
"YER080W"	627	NA	-0.6	NA	NA	NA	25.6	96.417
"YER081W"	469	NA	0	NA	NA	NA	31.7	49.208
"YER082C"	554	0	-2.4	-6.8	41	0.390243902439024	24.5	42.642
"YER083C"	285	0	-1.8	-10.3	19	0.263157894736842	31.6	115.675
"YER085C"	173	NA	-0.7	NA	NA	NA	NA	0
"YER086W"	576	NA	-1.1	NA	NA	NA	1.6	294.76
"YER087C-B"	82	NA	0	NA	NA	NA	26.1	494.916
"YER087W"	576	0	-4.6	-8.3	39	0.41025641025641	32.9	17.269
"YER088C"	670	NA	0	NA	NA	NA	4.8	83.958
"YER089C"	464	NA	0	NA	NA	NA	4.6	109.18
"YER090W"	507	0	-1	-7.4	68	0.382352941176471	30.5	373.726
"YER091C"	767	0	0	-4.2	71	0.394366197183099	26	2212.106
"YER092W"	125	NA	-0.9	NA	NA	NA	NA	82.619
"YER093C"	1430	NA	0	NA	NA	NA	NA	6.811
"YER093C-A"	137	0	0	-6.4	14	0.357142857142857	40.7	14.879
"YER094C"	205	0	0	-12.3	102	0.343137254901961	32.1	278.744
"YER095W"	400	NA	-0.7	NA	NA	NA	34.5	57.879
"YER096W"	512	NA	-0.2	NA	NA	NA	NA	4.531
"YER098W"	754	NA	-3.3	NA	NA	NA	32.1	4.45
"YER099C"	318	NA	-2.6	NA	NA	NA	27.3	65.392
"YER100W"	250	0	-0.2	-2.8	79	0.367088607594937	36	136.165
"YER101C"	430	NA	0	NA	NA	NA	NA	18.404
"YER103W"	642	NA	0	NA	NA	NA	NA	40.664
"YER104W"	208	0	-2.4	-8.9	19	0.263157894736842	21.7	15.266
"YER105C"	1391	0	0	-15.6	22	0.363636363636364	27.6	35.347
"YER106W"	302	NA	-3.8	NA	NA	NA	NA	0.342
"YER107C"	365	0	0	-8.7	177	0.389830508474576	30.7	66.753
"YER110C"	1113	0	0	-9.4	113	0.345132743362832	27.1	336.85
"YER111C"	1093	NA	-1.3	NA	NA	NA	18.9	21.292
"YER112W"	187	0	-1.5	-2.1	42	0.380952380952381	36.9	133.914
"YER113C"	706	0	-2.1	-7.7	52	0.423076923076923	24	22.449
"YER114C"	1040	NA	0	NA	NA	NA	NA	35.497
"YER115C"	191	NA	-1.4	NA	NA	NA	NA	6.816
"YER116C"	274	NA	-0.9	NA	NA	NA	NA	28.468
"YER118C"	367	NA	-0.6	NA	NA	NA	1	61.013
"YER119C"	448	0	-0.3	-11	27	0.37037037037037	30.4	56.118
"YER120W"	244	0	-1.3	-6.9	27	0.37037037037037	26.7	662.039
"YER121W"	114	NA	-0.2	NA	NA	NA	NA	7.499
"YER122C"	493	NA	0	NA	NA	NA	37.8	170.366
"YER123W"	524	NA	0	NA	NA	NA	23.9	38.564
"YER124C"	573	0	-3	-8.7	41	0.390243902439024	39.2	202.923
"YER125W"	809	0	0	-8.8	505	0.415841584158416	19.6	149.735
"YER126C"	261	0	-3.3	-5.3	28	0.392857142857143	34.6	152.926
"YER127W"	357	0	0	-4.1	22	0.363636363636364	30.8	41.813
"YER128W"	203	NA	0	NA	NA	NA	NA	22.304
"YER129W"	1142	NA	-0.3	NA	NA	NA	NA	9.021
"YER130C"	443	0	-0.3	-4.5	68	0.382352941176471	30.3	26.765
"YER131W"	119	8	-0.4	-2	383	0.409921671018277	22.5	1467.444
"YER132C"	1753	NA	-3.6	NA	NA	NA	NA	4.368
"YER133W"	312	0	0	-4	70	0.385714285714286	24.5	431.978
"YER134C"	178	0	0	-10.6	13	0.384615384615385	27.8	93.963
"YER136W"	451	NA	-2.6	NA	NA	NA	29.8	231.298
"YER137C"	148	0	-1.6	-5.5	21	0.333333333333333	24	10.249
"YER139C"	226	NA	0	NA	NA	NA	NA	28.042
"YER140W"	556	NA	-0.5	NA	NA	NA	25.8	9.696
"YER142C"	296	NA	-3.6	NA	NA	NA	21	16.715
"YER143W"	428	NA	0	NA	NA	NA	31.5	44.93
"YER144C"	805	0	-1.8	-20.7	10	0.5	26.5	9.474
"YER145C"	404	0	-2.2	-12.9	22	0.363636363636364	30	280.952
"YER146W"	93	NA	0	NA	NA	NA	1.2	297.842
"YER147C"	624	NA	-2.3	NA	NA	NA	28.4	8.327
"YER148W"	240	NA	0	NA	NA	NA	2.5	162.893
"YER149C"	420	0	-2.1	-10.8	52	0.423076923076923	28.4	26.056
"YER150W"	148	NA	-0.3	NA	NA	NA	38.6	92.899
"YER151C"	912	0	0	-5.4	75	0.373333333333333	19.8	44.962
"YER152C"	443	NA	-3.6	NA	NA	NA	NA	32.924
"YER153C"	254	NA	-1.9	NA	NA	NA	NA	10.861
"YER154W"	402	0	-2.8	-10.3	5	0.6	29.5	45.77
"YER155C"	2167	0	0	-7.9	63	0.412698412698413	30.7	35.8
"YER156C"	338	0	-0.4	-4.7	17	0.294117647058824	33.2	149.809
"YER157W"	801	0	-1	-10.5	17	0.294117647058824	23.3	22.37
"YER158C"	573	NA	0	NA	NA	NA	NA	10.617
"YER159C"	142	NA	0	NA	NA	NA	NA	100.872
"YER161C"	333	1	0	-13	48	0.395833333333333	31.2	30.982
"YER162C"	754	NA	0	NA	NA	NA	31.8	9.889
"YER163C"	232	1	-6.8	-12.9	9	0.555555555555556	30	46.193
"YER164W"	1468	NA	0	NA	NA	NA	NA	37.694
"YER165W"	577	0	0	-7.4	143	0.356643356643357	23.4	1273.34
"YER166W"	1571	NA	-1.8	NA	NA	NA	NA	37.375
"YER167W"	851	NA	-0.4	NA	NA	NA	9.6	19.324
"YER168C"	546	NA	-2.1	NA	NA	NA	NA	45.28
"YER169W"	796	NA	-1.9	NA	NA	NA	31.8	14.603
"YER170W"	225	0	0	-4	24	0.333333333333333	34.3	24.779
"YER171W"	778	NA	-0.3	NA	NA	NA	28.8	21.374
"YER172C"	2163	NA	0	NA	NA	NA	4.5	16.634
"YER173W"	659	0	-1.1	-8.4	1	1	37	4.351
"YER174C"	244	NA	0	NA	NA	NA	NA	43.022
"YER175C"	299	NA	0	NA	NA	NA	NA	204.017
"YER175W-A"	54	NA	-1.3	NA	NA	NA	NA	17.718
"YER176W"	1121	NA	-0.5	NA	NA	NA	NA	15.456
"YER177W"	267	0	0	-2	40	0.4	20.5	1794.95
"YER178W"	420	0	-1.3	-8.4	26	0.384615384615385	25	1043.358
"YER179W"	334	NA	-1.3	NA	NA	NA	NA	1.552
"YER180C"	267	NA	0	NA	NA	NA	35.6	0
"YER180C-A"	85	0	0	-13.4	19	0.263157894736842	21.8	28.38
"YER182W"	244	0	-0.6	-5	36	0.416666666666667	26.9	31.327
"YER183C"	211	0	-3	-7.4	2	1	34.1	55.475
"YER184C"	794	NA	-3.9	NA	NA	NA	NA	0.806
"YER185W"	303	NA	0	NA	NA	NA	NA	2.044
"YER186C"	306	NA	-0.9	NA	NA	NA	NA	0
"YER187W"	141	NA	-3.5	NA	NA	NA	NA	0.691
"YFL001W"	442	1	0	-10.4	39	0.41025641025641	31.6	21.839
"YFL002C"	606	NA	-1.1	NA	NA	NA	22.6	27.715
"YFL003C"	878	NA	-0.9	NA	NA	NA	NA	1.095
"YFL004W"	828	NA	0	NA	NA	NA	NA	101.187
"YFL005W"	215	NA	0	NA	NA	NA	1	320.289
"YFL007W"	2143	0	0	-8.2	124	0.354838709677419	30.1	29.391
"YFL008W"	1225	0	0	-7.1	55	0.4	22	24.728
"YFL010C"	211	NA	0	NA	NA	NA	NA	554.99
"YFL011W"	546	NA	0	NA	NA	NA	NA	0.097
"YFL012W"	148	NA	0	NA	NA	NA	NA	1.984
"YFL013C"	692	NA	-1.3	NA	NA	NA	41.4	29.806
"YFL014W"	109	NA	0	NA	NA	NA	NA	1018.456
"YFL016C"	511	0	0	-4.2	82	0.365853658536585	30.3	65.616
"YFL017C"	159	NA	0	NA	NA	NA	1.5	104.436
"YFL017W-A"	77	0	-0.5	-8.6	44	0.363636363636364	30.8	178.428
"YFL018C"	499	NA	-1.7	NA	NA	NA	24.7	292.535
"YFL021W"	510	NA	-4.1	NA	NA	NA	10.3	45.377
"YFL022C"	503	0	0	-9.5	10	0.5	27.3	373.67
"YFL023W"	796	0	-2.6	-12.5	15	0.333333333333333	28.9	16.881
"YFL024C"	832	NA	0	NA	NA	NA	NA	13.791
"YFL025C"	1029	NA	0	NA	NA	NA	25.6	12.599
"YFL026W"	431	NA	0	NA	NA	NA	1.5	511.961
"YFL027C"	497	1	0	-3.3	36	0.416666666666667	31.5	11.446
"YFL028C"	289	0	-1.3	-11.9	23	0.347826086956522	29.5	83.528
"YFL029C"	368	NA	-5.4	NA	NA	NA	NA	20.379
"YFL030W"	385	0	0	-10.2	5	0.6	37.4	1.762
"YFL031W"	238	0	0	-2.97	67	0.388059701492537	30.3	20.308
"YFL034C-A"	122	0	0	-1.7	46	0.391304347826087	34.9	380.026
"YFL034C-B"	287	NA	-0.5	NA	NA	NA	23	49.3
"YFL034W"	1073	0	0	-6.6	190	0.389473684210526	25.5	16.886
"YFL036W"	1351	NA	0	NA	NA	NA	NA	22.569
"YFL037W"	457	0	0	-5.6	66	0.393939393939394	25.6	408.35
"YFL038C"	206	0	0	-7.6	68	0.382352941176471	27.9	607.548
"YFL039C"	375	NA	0	NA	NA	NA	5	3474.132
"YFL040W"	540	NA	0	NA	NA	NA	NA	0
"YFL041W"	622	0	0	-14.8	23	0.347826086956522	34.1	63.503
"YFL041W-A"	63	NA	-1.7	NA	NA	NA	NA	0
"YFL042C"	674	0	-2.6	-9.6	25	0.36	33.1	19.863
"YFL044C"	301	NA	-0.5	NA	NA	NA	26.2	52.268
"YFL045C"	254	NA	0	NA	NA	NA	NA	1003.031
"YFL046W"	207	0	0	-12.4	19	0.263157894736842	28	54.033
"YFL047W"	714	0	-1.8	-15.6	9	0.555555555555556	27.9	23.171
"YFL048C"	445	NA	0	NA	NA	NA	25.7	127.234
"YFL049W"	623	0	-4	-6.6	45	0.377777777777778	33	20.681
"YFL050C"	858	NA	-2.8	NA	NA	NA	NA	0.124
"YFL052W"	465	NA	-8	NA	NA	NA	NA	0.565
"YFL053W"	591	NA	0	NA	NA	NA	NA	0.09
"YFL054C"	646	NA	-1.2	NA	NA	NA	NA	4.6
"YFL055W"	558	NA	-1.1	NA	NA	NA	NA	1.705
"YFR001W"	204	0	-0.8	-7.4	39	0.41025641025641	25.5	91.033
"YFR002W"	839	NA	-2.1	NA	NA	NA	28.2	48.416
"YFR003C"	155	NA	-0.3	NA	NA	NA	NA	111.943
"YFR004W"	306	0	0	-1.6	31	0.419354838709677	24.3	177.489
"YFR005C"	448	NA	-5.8	NA	NA	NA	27.9	17.574
"YFR006W"	535	NA	-3.7	NA	NA	NA	33	84.668
"YFR007W"	353	0	-0.7	-10.4	21	0.333333333333333	34.1	16.494
"YFR008W"	221	NA	-1.4	NA	NA	NA	NA	20.157
"YFR009W"	752	NA	-3.4	NA	NA	NA	0.5	124.86
"YFR010W"	499	NA	-0.7	NA	NA	NA	28.6	144.209
"YFR011C"	170	0	-2.3	-4.9	45	0.377777777777778	31.8	104.989
"YFR012W"	202	NA	0	NA	NA	NA	NA	1.245
"YFR013W"	787	NA	-2.1	NA	NA	NA	NA	22.421
"YFR014C"	446	NA	-0.1	NA	NA	NA	8.6	32.122
"YFR015C"	708	0	-2.4	-4.3	90	0.366666666666667	27.8	17.579
"YFR017C"	195	NA	0	NA	NA	NA	35.5	21.604
"YFR018C"	363	0	-3.2	-9.8	39	0.41025641025641	29.7	30.254
"YFR021W"	500	0	0	-5.8	94	0.361702127659574	33.2	23.075
"YFR022W"	733	NA	0	NA	NA	NA	NA	3.921
"YFR023W"	611	NA	-1.7	NA	NA	NA	NA	0.26
"YFR024C-A"	459	0	-1.2	-5.2	26	0.384615384615385	25.8	171.786
"YFR025C"	335	0	-0.2	-8.9	25	0.36	30	66.101
"YFR026C"	169	NA	0	NA	NA	NA	NA	0.88
"YFR027W"	281	2	-3.1	-8.7	76	0.381578947368421	21.7	14.448
"YFR028C"	551	0	0	-5	59	0.406779661016949	19.6	40.182
"YFR029W"	678	NA	0	NA	NA	NA	22.4	10.658
"YFR030W"	1035	NA	-2.8	NA	NA	NA	11.4	64.757
"YFR031C"	1170	NA	-0.6	NA	NA	NA	22.2	8.12
"YFR032C"	289	NA	0	NA	NA	NA	NA	0.534
"YFR032C-A"	59	0	-0.8	-6.4	27	0.37037037037037	22	6632.678
"YFR033C"	147	NA	0	NA	NA	NA	5.9	96.793
"YFR034C"	312	0	0	-12.8	12	0.416666666666667	0.2	60.954
"YFR035C"	114	NA	-0.1	NA	NA	NA	NA	1.25
"YFR036W"	124	0	0	-6.9	23	0.347826086956522	31.6	42.958
"YFR037C"	557	0	0	-11.7	7	0.714285714285714	30.6	92.904
"YFR038W"	853	NA	0	NA	NA	NA	NA	17.903
"YFR039C"	510	1	-3.9	-12.4	130	0.346153846153846	22.4	28.839
"YFR040W"	1002	NA	0	NA	NA	NA	24.2	26.24
"YFR041C"	295	0	-0.2	-10.8	24	0.333333333333333	23.4	60.436
"YFR042W"	200	0	0	-8.1	49	0.408163265306122	36.7	58.794
"YFR043C"	237	NA	0	NA	NA	NA	NA	19.959
"YFR044C"	481	0	-2.7	-7.1	19	0.263157894736842	22.2	353.215
"YFR045W"	309	0	-3.9	-8.7	17	0.294117647058824	44.3	16.382
"YFR046C"	361	0	0	-4.9	2	1	32.3	8.793
"YFR047C"	295	0	0	-3.1	35	0.4	25.6	114.409
"YFR048W"	662	NA	-2.5	NA	NA	NA	29.4	15.08
"YFR049W"	123	NA	0	NA	NA	NA	37.3	161.758
"YFR050C"	266	0	0	-4	54	0.407407407407407	22.7	288.308
"YFR051C"	546	0	0	-11.5	18	0.277777777777778	26.8	143.773
"YFR052W"	274	NA	0	NA	NA	NA	24.3	250.969
"YFR053C"	485	NA	-0.4	NA	NA	NA	12.4	333.362
"YFR055W"	340	NA	0	NA	NA	NA	36	28.084
"YFR057W"	151	NA	-0.9	NA	NA	NA	NA	0
"YGL001C"	349	0	-2.2	-6.5	55	0.4	25.8	116.123
"YGL002W"	216	0	-3.3	-8.5	26	0.384615384615385	22.1	38.606
"YGL003C"	566	1	0	-6	104	0.336538461538462	30.3	11.492
"YGL004C"	417	0	0	-7	16	0.3125	32.3	18.83
"YGL005C"	279	0	-0.5	-3.9	30	0.4	32.9	26.33
"YGL006W"	1173	NA	-0.7	NA	NA	NA	NA	22.56
"YGL006W-A"	36	6	-6.1	-12.1	727	0.423658872077029	3.9	15.505
"YGL007C-A"	28	NA	-5.4	NA	NA	NA	31.6	2.438
"YGL008C"	918	NA	-0.1	NA	NA	NA	2.7	5148.034
"YGL009C"	779	NA	0	NA	NA	NA	3.4	2210.285
"YGL010W"	174	NA	-1.4	NA	NA	NA	NA	27.41
"YGL011C"	252	0	0	-12.1	26	0.384615384615385	31.4	287.122
"YGL012W"	473	0	-1.1	-12.8	38	0.394736842105263	28	313.849
"YGL013C"	1068	0	-3.4	-9.5	131	0.351145038167939	34	17.817
"YGL014W"	888	NA	-2.5	NA	NA	NA	37.1	56.806
"YGL015C"	130	NA	0	NA	NA	NA	NA	0
"YGL016W"	1081	NA	-1.2	NA	NA	NA	23.2	38.635
"YGL017W"	503	NA	-2.4	NA	NA	NA	31.1	16.028
"YGL018C"	184	1	-2.3	-8.5	36	0.416666666666667	41.4	30.113
"YGL019W"	278	0	-0.8	-7.4	77	0.376623376623377	25.5	100.687
"YGL020C"	235	0	-1.7	-9.8	51	0.411764705882353	24.2	104.696
"YGL021W"	760	NA	-2.2	NA	NA	NA	19.1	29.93
"YGL022W"	718	0	0	-4.4	66	0.393939393939394	26.1	178.433
"YGL023C"	635	0	-8.8	-25.9	39	0.41025641025641	26.2	27.484
"YGL025C"	397	0	-0.9	-8.6	39	0.41025641025641	38.2	25.004
"YGL026C"	707	0	-1	-6.8	19	0.263157894736842	27.2	690.505
"YGL027C"	833	0	-5	-8.5	32	0.40625	23.6	71.952
"YGL028C"	542	0	0	-3.3	168	0.386904761904762	29	180.467
"YGL029W"	120	0	0	-7.6	43	0.372093023255814	31.4	66.522
"YGL030W"	105	0	0	-5.97	59	0.406779661016949	26.9	4512.467
"YGL032C"	87	NA	0	NA	NA	NA	NA	454.241
"YGL033W"	218	NA	0	NA	NA	NA	NA	0
"YGL035C"	504	NA	-2.9	NA	NA	NA	NA	50.71
"YGL036W"	909	0	0	-7.3	42	0.380952380952381	25.6	17.467
"YGL037C"	216	NA	0	NA	NA	NA	0.1	615.831
"YGL038C"	480	NA	0	NA	NA	NA	32.4	53.051
"YGL039W"	348	NA	-2.8	NA	NA	NA	31.4	51.055
"YGL040C"	342	NA	0	NA	NA	NA	32.2	173.183
"YGL041C-B"	60	NA	-2.5	NA	NA	NA	NA	0
"YGL041W-A"	154	NA	-1.3	NA	NA	NA	NA	81.02
"YGL043W"	309	0	-1	-8.6	23	0.347826086956522	30.6	129.885
"YGL044C"	296	NA	0	NA	NA	NA	NA	39.175
"YGL045W"	542	NA	-1.1	NA	NA	NA	NA	11.693
"YGL047W"	202	0	-1.3	-4.7	88	0.375	27.8	39.087
"YGL048C"	405	0	-2.8	-8.3	29	0.379310344827586	30.2	210.698
"YGL049C"	914	NA	-1.7	NA	NA	NA	21.5	74.405
"YGL050W"	273	0	0	-9	24	0.333333333333333	35.8	37.399
"YGL054C"	138	NA	0	NA	NA	NA	NA	508.957
"YGL055W"	510	NA	0	NA	NA	NA	11.6	285.391
"YGL056C"	527	0	-0.4	-9.7	99	0.353535353535354	41.4	50.467
"YGL057C"	287	NA	-2.3	NA	NA	NA	NA	18.465
"YGL058W"	172	0	0	-7.8	58	0.396551724137931	19.7	156.969
"YGL059W"	491	1	-1.6	-7.3	36	0.416666666666667	NA	17.908
"YGL060W"	641	NA	-0.4	NA	NA	NA	25.5	22.681
"YGL061C"	247	0	-3.3	-8.3	74	0.378378378378378	30.6	29.112
"YGL063W"	370	NA	-4.2	NA	NA	NA	NA	2.675
"YGL064C"	561	NA	0	NA	NA	NA	28.6	10.649
"YGL065C"	503	NA	-2.3	NA	NA	NA	25.9	42.112
"YGL066W"	657	0	-1.2	-2.4	103	0.339805825242718	30.6	26.263
"YGL067W"	384	NA	-4.8	NA	NA	NA	30.3	52.446
"YGL068W"	194	0	0	-5.9	48	0.395833333333333	30	204.663
"YGL070C"	122	0	-2.4	-7.3	26	0.384615384615385	26.6	158.606
"YGL071W"	690	NA	0	NA	NA	NA	NA	23.496
"YGL073W"	833	NA	-3.3	NA	NA	NA	30	21.912
"YGL075C"	387	0	-1.5	-11.4	193	0.383419689119171	35.7	9.44
"YGL077C"	563	NA	-2.1	NA	NA	NA	36.5	204.451
"YGL078C"	523	NA	0	NA	NA	NA	2.1	108.138
"YGL079W"	218	1	-0.8	-13	29	0.379310344827586	28.5	27.838
"YGL080W"	130	0	-0.2	-6.3	22	0.363636363636364	25.3	118.034
"YGL081W"	320	NA	-3.3	NA	NA	NA	NA	7.762
"YGL082W"	381	0	-0.7	-10.7	91	0.362637362637363	37.1	66.258
"YGL083W"	804	0	-1.4	-6	69	0.376811594202899	30.1	13.864
"YGL084C"	560	NA	-6.8	NA	NA	NA	27.4	63.25
"YGL085W"	274	NA	-2.2	NA	NA	NA	NA	15.732
"YGL086W"	749	NA	-1.4	NA	NA	NA	NA	17.206
"YGL087C"	137	NA	-2	NA	NA	NA	24.8	143.478
"YGL089C"	120	0	-7	-9	53	0.415094339622642	37.1	0.398
"YGL090W"	421	2	-3.3	-13.9	33	0.393939393939394	42.7	2.985
"YGL091C"	328	0	0	-4.4	9	0.555555555555556	34.6	45.805
"YGL092W"	1317	0	-2.2	-5.3	94	0.361702127659574	26.5	57.881
"YGL093W"	917	0	-5.6	-10.6	33	0.393939393939394	35.8	16.967
"YGL094C"	1115	NA	-0.1	NA	NA	NA	NA	11.208
"YGL095C"	577	0	-0.4	-15.1	51	0.411764705882353	27.7	28.243
"YGL096W"	276	NA	0	NA	NA	NA	NA	7.812
"YGL097W"	482	0	0	-3.9	43	0.372093023255814	24.7	125.872
"YGL098W"	245	NA	-0.5	NA	NA	NA	31.9	33.912
"YGL099W"	640	0	-0.3	-8.1	21	0.333333333333333	25.5	74.612
"YGL100W"	349	0	0	-8.6	38	0.394736842105263	33.8	100.193
"YGL101W"	215	0	-4.5	-9.2	13	0.384615384615385	26.9	86.006
"YGL103W"	149	0	0	-5.2	17	0.294117647058824	21.2	7491.544
"YGL104C"	486	1	0	-11	31	0.419354838709677	32.6	18.194
"YGL105W"	376	0	-0.1	-5.6	66	0.393939393939394	22.6	897.688
"YGL106W"	149	0	0	-2	30	0.4	26	408.128
"YGL107C"	646	0	-3.5	-11.3	60	0.4	30.3	24.728
"YGL108C"	140	NA	0	NA	NA	NA	NA	47.605
"YGL110C"	624	0	-1.2	-5.7	24	0.333333333333333	36.6	17.504
"YGL111W"	463	NA	-1	NA	NA	NA	30.6	51.412
"YGL112C"	516	NA	-2.4	NA	NA	NA	30.1	56.415
"YGL113W"	668	0	-5.2	-18.6	67	0.388059701492537	33.1	4.214
"YGL114W"	725	0	0	-5.1	42	0.380952380952381	30.4	21.58
"YGL115W"	322	0	0	-7.1	122	0.352459016393443	25.3	107.378
"YGL116W"	610	NA	0	NA	NA	NA	27.1	25.192
"YGL117W"	265	NA	-1	NA	NA	NA	36.7	110.939
"YGL119W"	501	0	-3.3	-9.6	53	0.415094339622642	26.7	25.449
"YGL120C"	767	0	0	-6.7	32	0.40625	23.1	112.12
"YGL121C"	126	1	-3.5	-9.3	144	0.361111111111111	19.9	21.75
"YGL123W"	254	NA	0	NA	NA	NA	24.4	5492.032
"YGL124C"	644	NA	0	NA	NA	NA	29.3	10.959
"YGL125W"	600	1	0	-9.1	168	0.386904761904762	NA	160.757
"YGL126W"	380	NA	-2.9	NA	NA	NA	1.7	35.82
"YGL127C"	127	NA	-1.3	NA	NA	NA	29.8	59.87
"YGL128C"	283	NA	-0.1	NA	NA	NA	NA	14.715
"YGL129C"	450	NA	-2	NA	NA	NA	NA	40.013
"YGL130W"	459	0	0	-5.6	43	0.372093023255814	25.7	43.948
"YGL131C"	1403	0	-6.3	-15.6	73	0.383561643835616	20.2	3.49
"YGL133W"	1264	NA	0	NA	NA	NA	25.1	9.607
"YGL134W"	433	NA	-1.6	NA	NA	NA	30.9	8.596
"YGL136C"	320	NA	-0.1	NA	NA	NA	40.5	7.276
"YGL137W"	889	0	0	-9	25	0.36	26.3	241.759
"YGL138C"	345	NA	-3.1	NA	NA	NA	NA	0
"YGL139W"	802	NA	-0.6	NA	NA	NA	NA	37.305
"YGL140C"	1219	0	-2.8	-11.3	188	0.393617021276596	24.8	26.786
"YGL141W"	910	0	-3.4	-8.4	19	0.263157894736842	23.8	18.623
"YGL142C"	616	0	-2	-10	38	0.394736842105263	32.3	24.351
"YGL143C"	413	NA	-2	NA	NA	NA	NA	15.204
"YGL144C"	685	0	-9.5	-12.8	27	0.37037037037037	33.1	5.043
"YGL145W"	701	0	-3	-7.9	71	0.394366197183099	28.9	24.198
"YGL146C"	311	1	-2.9	-9.8	160	0.375	21.6	2.492
"YGL148W"	376	0	0	-7.3	36	0.416666666666667	21.7	559.27
"YGL150C"	1489	0	-1.1	-7.6	221	0.375565610859729	24.3	16.885
"YGL151W"	1132	1	-2.7	-11.6	56	0.392857142857143	24.8	22.749
"YGL153W"	341	NA	0	NA	NA	NA	32.1	42.313
"YGL154C"	272	0	-1	-9.1	5	0.6	42.1	13.013
"YGL155W"	376	NA	-4.7	NA	NA	NA	NA	23.153
"YGL156W"	1083	NA	-0.2	NA	NA	NA	NA	14.455
"YGL157W"	347	NA	-0.4	NA	NA	NA	NA	166.46
"YGL158W"	512	NA	0	NA	NA	NA	NA	0.103
"YGL159W"	370	0	-1.2	-8.3	8	0.625	31.9	35.198
"YGL160W"	570	0	-2.4	-7.3	124	0.354838709677419	26.6	29.88
"YGL161C"	310	0	0	-6.8	101	0.346534653465347	34.9	87.491
"YGL162W"	299	1	-2.6	-8.8	47	0.382978723404255	17.8	17.246
"YGL163C"	898	0	-1.1	-4.5	159	0.371069182389937	NA	10.594
"YGL164C"	440	0	-0.2	-9.7	12	0.416666666666667	31.8	19.789
"YGL166W"	225	0	-3.4	-10.7	22	0.363636363636364	42.5	22.752
"YGL167C"	950	NA	-1.8	NA	NA	NA	NA	78.899
"YGL169W"	426	1	-0.2	-4.9	60	0.4	31.7	27.424
"YGL170C"	413	NA	-1	NA	NA	NA	NA	0.38
"YGL171W"	564	0	0	-7.4	37	0.405405405405405	28.2	46.501
"YGL172W"	472	0	-4.8	-13.6	8	0.625	21.9	73.08
"YGL173C"	1528	NA	0	NA	NA	NA	6.7	167.581
"YGL174W"	266	NA	0	NA	NA	NA	32.9	21.57
"YGL175C"	345	NA	-2.4	NA	NA	NA	5.3	6.774
"YGL176C"	554	NA	-1.8	NA	NA	NA	35.3	2.766
"YGL178W"	859	NA	-1.5	NA	NA	NA	28.4	21.759
"YGL179C"	560	NA	-0.8	NA	NA	NA	NA	5.947
"YGL180W"	897	NA	0	NA	NA	NA	NA	12.572
"YGL181W"	396	NA	-3.6	NA	NA	NA	NA	69.126
"YGL183C"	219	NA	-2.5	NA	NA	NA	NA	0.924
"YGL184C"	465	NA	-0.6	NA	NA	NA	NA	37.636
"YGL185C"	379	0	0	-11.3	10	0.5	35.8	21.739
"YGL186C"	579	NA	-2.2	NA	NA	NA	34.4	71.194
"YGL187C"	155	NA	-0.6	NA	NA	NA	NA	234.669
"YGL190C"	526	NA	-1.7	NA	NA	NA	34.8	42.234
"YGL191W"	129	NA	-1.5	NA	NA	NA	14.8	334.108
"YGL192W"	600	NA	-2.7	NA	NA	NA	NA	0
"YGL193C"	103	NA	0	NA	NA	NA	NA	0
"YGL194C"	452	NA	-1.2	NA	NA	NA	NA	31.827
"YGL194C-A"	80	NA	-2.8	NA	NA	NA	NA	65.327
"YGL195W"	2672	0	-0.8	-5.5	44	0.363636363636364	23.4	126.77
"YGL196W"	428	NA	-2.1	NA	NA	NA	NA	40.401
"YGL197W"	1487	NA	-2.7	NA	NA	NA	NA	16.075
"YGL198W"	235	0	-2.1	-4.4	8	0.625	32.3	98.206
"YGL200C"	203	0	-0.4	-6.7	62	0.403225806451613	29.5	407.177
"YGL201C"	1017	NA	-1.8	NA	NA	NA	1.1	34.338
"YGL202W"	500	0	-2.2	-6.6	43	0.372093023255814	28	665.068
"YGL203C"	729	NA	0	NA	NA	NA	NA	59.866
"YGL205W"	748	NA	0	NA	NA	NA	NA	0.641
"YGL206C"	1653	0	0	-9.8	97	0.360824742268041	22.4	335.796
"YGL207W"	1035	0	-0.5	-9.6	94	0.361702127659574	28.5	160.832
"YGL208W"	415	NA	-5.9	NA	NA	NA	NA	20.052
"YGL209W"	382	0	0	-1.2	48	0.395833333333333	23.4	43.424
"YGL210W"	222	NA	-1.5	NA	NA	NA	28.9	68.201
"YGL211W"	359	0	-2	-13	13	0.384615384615385	32.2	25.505
"YGL212W"	316	NA	-0.5	NA	NA	NA	NA	24.874
"YGL213C"	397	NA	0	NA	NA	NA	25.7	74.749
"YGL215W"	452	NA	0	NA	NA	NA	42.9	62.376
"YGL216W"	805	NA	0	NA	NA	NA	26.8	16.497
"YGL219C"	459	0	-1.9	-14.2	28	0.392857142857143	33.4	34.907
"YGL220W"	120	NA	-1.1	NA	NA	NA	NA	172.08
"YGL221C"	288	NA	-0.7	NA	NA	NA	NA	147.235
"YGL222C"	175	0	0	-3.8	53	0.415094339622642	44.4	92.31
"YGL223C"	417	NA	0	NA	NA	NA	NA	35.023
"YGL224C"	280	NA	-1.7	NA	NA	NA	26.2	55.418
"YGL225W"	337	0	0	-2.6	42	0.380952380952381	38.7	531.357
"YGL226C-A"	86	NA	-1.3	NA	NA	NA	6.7	258.762
"YGL226W"	123	0	-2.4	-13.7	6	0.666666666666667	31.2	38.588
"YGL227W"	958	0	-1.1	-8.8	94	0.361702127659574	33.7	14.634
"YGL228W"	577	1	0	-11.8	55	0.4	26.3	93.258
"YGL229C"	818	0	0	-11.2	263	0.372623574144487	35	5.544
"YGL230C"	147	NA	-2.8	NA	NA	NA	NA	1.996
"YGL231C"	190	0	0	-8.3	21	0.333333333333333	26.3	206.517
"YGL232W"	289	NA	-0.7	NA	NA	NA	NA	103.297
"YGL233W"	910	0	-6.3	-14	30	0.4	35.9	26.142
"YGL234W"	802	NA	-3.4	NA	NA	NA	NA	224.494
"YGL235W"	178	NA	-3.4	NA	NA	NA	NA	0.28
"YGL236C"	669	NA	-0.6	NA	NA	NA	34.8	7.622
"YGL237C"	265	NA	-3	NA	NA	NA	7.5	30.537
"YGL238W"	960	0	-4	-11.2	4	0.75	24.3	75.973
"YGL240W"	250	NA	-0.1	NA	NA	NA	9.3	11.228
"YGL241W"	1004	0	0	-6.6	7	0.714285714285714	28.4	25.495
"YGL242C"	181	NA	-0.6	NA	NA	NA	6.7	161.114
"YGL243W"	400	NA	0	NA	NA	NA	20.6	12.412
"YGL244W"	558	NA	-0.9	NA	NA	NA	31.3	96.721
"YGL245W"	708	0	0	-13.5	16	0.3125	23.9	935.954
"YGL246C"	387	2	-2.6	-7.7	69	0.376811594202899	37.7	33.58
"YGL247W"	197	0	-0.3	-16.3	2	1	29.8	19.364
"YGL248W"	369	NA	0	NA	NA	NA	50.2	31.337
"YGL249W"	704	NA	0	NA	NA	NA	NA	0.151
"YGL250W"	241	NA	-5.1	NA	NA	NA	32.9	17.113
"YGL251C"	1187	NA	-2.6	NA	NA	NA	NA	0.95
"YGL252C"	588	0	-2	-14.7	39	0.41025641025641	30.4	55.189
"YGL253W"	486	0	0	-4.2	48	0.395833333333333	23.8	1461.729
"YGL254W"	299	0	-5.7	-6.6	10	0.5	28.7	18.28
"YGL255W"	376	NA	0	NA	NA	NA	34.4	207.265
"YGL256W"	382	NA	0	NA	NA	NA	NA	7.92
"YGL257C"	558	NA	0	NA	NA	NA	NA	19.894
"YGL258W"	206	10	0	-5.6	668	0.414670658682635	25.1	0.244
"YGL258W-A"	77	NA	-3.6	NA	NA	NA	NA	0
"YGL262W"	175	NA	-3	NA	NA	NA	NA	0
"YGL263W"	380	NA	-1.6	NA	NA	NA	41.6	0.137
"YGR001C"	248	0	0	-8.2	10	0.5	18.8	163.111
"YGR002C"	476	NA	-0.4	NA	NA	NA	8.9	26.409
"YGR003W"	744	0	-1.7	-6.3	29	0.379310344827586	24.2	14.242
"YGR004W"	462	0	-1.9	-7.7	29	0.379310344827586	26.3	21.154
"YGR005C"	400	NA	0	NA	NA	NA	29.9	59.317
"YGR006W"	251	0	-1.7	-10.7	6	0.666666666666667	4.9	19.118
"YGR007W"	323	NA	-4.2	NA	NA	NA	NA	53.851
"YGR008C"	84	NA	-0.1	NA	NA	NA	2.4	294.727
"YGR009C"	651	0	0	-6.2	44	0.363636363636364	26.5	53.895
"YGR010W"	395	NA	-3.1	NA	NA	NA	NA	25.787
"YGR012W"	393	0	-0.1	-5.5	30	0.4	25.7	36.145
"YGR013W"	620	0	-1.3	-10.7	24	0.333333333333333	33.9	16.588
"YGR014W"	1306	0	-3.5	-6.5	175	0.382857142857143	23.6	76.596
"YGR015C"	328	0	-2.3	-11.5	20	0.3	42.3	10.267
"YGR016W"	190	NA	0	NA	NA	NA	5.4	17.385
"YGR017W"	297	NA	-3.2	NA	NA	NA	29.2	72.2
"YGR019W"	471	0	0	-2.4	39	0.41025641025641	28.2	86.514
"YGR020C"	118	NA	-2.3	NA	NA	NA	4.4	768.074
"YGR021W"	290	1	-0.9	-4.6	36	0.416666666666667	32.4	20.77
"YGR023W"	551	0	0	-9.3	199	0.381909547738693	22.5	8.535
"YGR024C"	237	0	-0.8	-10.1	4	0.75	39	40.132
"YGR026W"	278	0	0	-5	132	0.348484848484849	36.4	199.897
"YGR027C"	108	0	0	-1	35	0.4	22.3	6200.8
"YGR028W"	362	0	-1.9	-3.3	26	0.384615384615385	26.9	24.152
"YGR029W"	189	0	0	-8.6	1	1	27.2	79.144
"YGR030C"	158	0	0	-7.9	16	0.3125	32.3	38.336
"YGR031W"	342	0	-1.3	-11.4	73	0.383561643835616	30.5	30.963
"YGR032W"	1895	NA	-0.1	NA	NA	NA	30.3	10.081
"YGR033C"	239	NA	0	NA	NA	NA	NA	76.868
"YGR034W"	127	0	0	-9.3	28	0.392857142857143	20.7	2991.995
"YGR035C"	116	0	-0.1	-0.9	9	0.555555555555556	31.5	29.134
"YGR035W-A"	73	NA	-0.9	NA	NA	NA	NA	0
"YGR036C"	239	NA	-2.2	NA	NA	NA	30.3	34.069
"YGR037C"	87	0	-2	-7.2	54	0.407407407407407	26.3	1420.489
"YGR038W"	222	0	0	-3.8	139	0.352517985611511	30.1	124.541
"YGR040W"	368	NA	0	NA	NA	NA	NA	21.653
"YGR041W"	547	1	-0.6	-7.47	359	0.406685236768802	29.1	23.083
"YGR042W"	271	1	-3	-13.4	20	0.3	40.7	13.626
"YGR043C"	333	NA	0	NA	NA	NA	NA	15.88
"YGR044C"	300	NA	-2.6	NA	NA	NA	30.3	76.845
"YGR046W"	385	NA	-1.5	NA	NA	NA	32.6	21.55
"YGR047C"	1025	1	-0.7	-12.7	45	0.377777777777778	17	16.515
"YGR048W"	361	0	0	-4.1	56	0.392857142857143	31.6	43.676
"YGR049W"	187	0	-0.5	-1.1	50	0.42	30.8	45.707
"YGR052W"	369	NA	0	NA	NA	NA	NA	32.183
"YGR053C"	283	NA	0	NA	NA	NA	NA	3.997
"YGR054W"	642	0	-2.3	-6.8	172	0.383720930232558	26.6	160.92
"YGR055W"	574	0	0	-5	51	0.411764705882353	26.5	290.505
"YGR056W"	928	NA	-1.6	NA	NA	NA	NA	21.322
"YGR057C"	242	4	0	-3.9	90	0.366666666666667	46	13.049
"YGR058W"	335	1	0	-5.5	49	0.408163265306122	35.2	26.007
"YGR059W"	512	NA	-0.3	NA	NA	NA	46	0.309
"YGR060W"	309	0	0	-5.7	47	0.382978723404255	20.7	593.591
"YGR061C"	1358	0	-0.1	-5.2	123	0.349593495934959	26.8	186.444
"YGR062C"	316	1	0	-11.8	9	0.555555555555556	29.6	12.764
"YGR063C"	102	0	-0.7	-13	18	0.277777777777778	36.8	181.208
"YGR065C"	593	1	0	-5.1	111	0.333333333333333	25	47.415
"YGR066C"	292	NA	0	NA	NA	NA	NA	0.353
"YGR067C"	804	NA	-2.9	NA	NA	NA	NA	1.592
"YGR068C"	586	0	-3.6	-16.4	37	0.405405405405405	34.6	10.298
"YGR070W"	1155	NA	-4.9	NA	NA	NA	44.2	2.695
"YGR071C"	860	NA	0	NA	NA	NA	NA	10.929
"YGR072W"	387	0	-2.7	-8.9	41	0.390243902439024	21.1	21.443
"YGR074W"	146	NA	-0.8	NA	NA	NA	NA	95.38
"YGR075C"	242	0	-2	-3.5	41	0.390243902439024	31.6	15.995
"YGR076C"	157	NA	-1.3	NA	NA	NA	NA	61.126
"YGR077C"	589	0	-1.7	-10.7	9	0.555555555555556	32.3	15.909
"YGR078C"	199	0	-1	-6	32	0.40625	32.5	146.152
"YGR079W"	370	NA	-3.1	NA	NA	NA	NA	25.905
"YGR080W"	332	0	0	-5.6	31	0.419354838709677	27.3	100.082
"YGR081C"	210	0	-0.7	-5.3	39	0.41025641025641	32.8	72.292
"YGR082W"	183	0	0	-3.6	48	0.395833333333333	26.2	196.307
"YGR083C"	651	0	-0.9	-11.6	33	0.393939393939394	26.5	82.596
"YGR084C"	339	NA	-1.1	NA	NA	NA	NA	34.592
"YGR086C"	339	0	-0.3	-1.9	109	0.330275229357798	26.3	1123.779
"YGR088W"	562	NA	-0.3	NA	NA	NA	NA	31.045
"YGR089W"	936	1	0	-4	230	0.373913043478261	37.5	16.172
"YGR090W"	1237	NA	-2.7	NA	NA	NA	NA	51.24
"YGR091W"	494	0	-1.7	-11	74	0.378378378378378	32.6	13.752
"YGR092W"	572	NA	-2.8	NA	NA	NA	34.1	40.875
"YGR093W"	507	1	0	-6	98	0.357142857142857	44.5	20.272
"YGR094W"	1104	NA	-0.9	NA	NA	NA	1.4	466.633
"YGR095C"	223	NA	-0.8	NA	NA	NA	16.6	48.382
"YGR096W"	314	NA	0	NA	NA	NA	NA	6.256
"YGR097W"	1146	0	-0.3	-8.4	35	0.4	36.3	16.716
"YGR098C"	1630	NA	-6.4	NA	NA	NA	NA	7.075
"YGR099W"	688	1	0	-7.6	66	0.393939393939394	31.5	12.361
"YGR100W"	950	0	0	-6.1	83	0.36144578313253	26.2	19.035
"YGR101W"	346	0	-0.4	-9.1	41	0.390243902439024	31.7	32.273
"YGR102C"	183	NA	-6.1	NA	NA	NA	30.1	41.17
"YGR103W"	605	0	-2.6	-4.8	29	0.379310344827586	27.6	139.936
"YGR104C"	307	NA	-0.4	NA	NA	NA	30.7	31.116
"YGR105W"	77	0	0	-3.6	50	0.42	27.1	305.129
"YGR106C"	265	0	-1.4	-13.5	61	0.409836065573771	28.4	510.051
"YGR108W"	471	NA	-2.5	NA	NA	NA	31.8	47.443
"YGR109C"	380	NA	0	NA	NA	NA	2	21.959
"YGR110W"	445	NA	-3.1	NA	NA	NA	NA	10.377
"YGR111W"	400	0	-2.5	-11.2	33	0.393939393939394	32.2	76.302
"YGR112W"	389	0	-0.5	-5.1	59	0.406779661016949	36.1	13.956
"YGR113W"	343	NA	-5.1	NA	NA	NA	37.4	28.91
"YGR116W"	1451	0	-1.1	-12.7	52	0.423076923076923	27	108.087
"YGR117C"	476	0	-2.1	-7.9	10	0.5	23.6	34.255
"YGR119C"	541	0	-1.4	-7.2	110	0.327272727272727	28.5	79.072
"YGR120C"	262	NA	-3.4	NA	NA	NA	36.4	32.234
"YGR121C"	492	NA	-5	NA	NA	NA	39	8.455
"YGR121W-A"	71	NA	-1.6	NA	NA	NA	34.2	0
"YGR122W"	402	0	-0.5	-8.2	100	0.35	39.2	18.984
"YGR123C"	513	0	-1.1	-9.8	32	0.40625	27.4	97.435
"YGR124W"	572	0	0	-7.2	38	0.394736842105263	28.7	709.957
"YGR125W"	1036	0	0	-4.7	71	0.394366197183099	34.4	27.823
"YGR126W"	230	NA	-2.4	NA	NA	NA	4	17.877
"YGR127W"	312	NA	0	NA	NA	NA	28.4	20.042
"YGR128C"	713	0	-0.3	-6.6	27	0.37037037037037	28.2	59.686
"YGR129W"	215	0	-0.1	-5.4	50	0.42	20.9	19.739
"YGR130C"	816	0	0	-9.2	104	0.336538461538462	25.8	101.338
"YGR131W"	174	3	0	-8.4	180	0.388888888888889	31.9	2.855
"YGR132C"	287	0	0	-8.5	52	0.423076923076923	31.5	179.451
"YGR133W"	183	NA	0	NA	NA	NA	NA	18.267
"YGR134W"	1122	NA	-1.5	NA	NA	NA	NA	6.55
"YGR135W"	258	0	-2	-8.6	35	0.4	24.8	281.048
"YGR136W"	241	NA	0	NA	NA	NA	1.9	191.417
"YGR140W"	956	NA	0	NA	NA	NA	NA	11.138
"YGR141W"	467	NA	-0.6	NA	NA	NA	16.6	32.641
"YGR142W"	410	NA	0	NA	NA	NA	NA	28.963
"YGR143W"	771	NA	-6	NA	NA	NA	28.8	26.056
"YGR144W"	326	NA	0	NA	NA	NA	NA	3.495
"YGR145W"	707	NA	-2.6	NA	NA	NA	38.8	46.49
"YGR146C"	211	NA	-0.1	NA	NA	NA	NA	37.302
"YGR146C-A"	53	NA	0	NA	NA	NA	NA	3.907
"YGR147C"	288	0	-0.6	-6.4	85	0.376470588235294	34.6	47.172
"YGR149W"	432	NA	-4.7	NA	NA	NA	25.9	30.576
"YGR150C"	864	0	0	-10.7	42	0.380952380952381	27.5	7.789
"YGR152C"	272	NA	-1.2	NA	NA	NA	35.7	54.125
"YGR153W"	217	0	-1.3	-13.1	22	0.363636363636364	21.5	5.824
"YGR154C"	356	NA	0	NA	NA	NA	47.1	1.023
"YGR155W"	507	0	0	-2.2	37	0.405405405405405	27.6	675.41
"YGR156W"	425	0	0	-6.1	135	0.355555555555556	25.6	28.842
"YGR157W"	869	0	-0.4	-4.6	254	0.374015748031496	34.3	208.556
"YGR158C"	250	0	-1.6	-6.4	46	0.391304347826087	24	58.794
"YGR159C"	414	0	-0.4	-1.9	45	0.377777777777778	24.4	378.713
"YGR161C"	263	0	0	-4.9	83	0.36144578313253	19.5	50.611
"YGR161W-C"	92	NA	-0.3	NA	NA	NA	33.4	42.583
"YGR162W"	952	0	-3	-6.9	32	0.40625	26.6	253.855
"YGR163W"	341	0	-0.5	-3.8	58	0.396551724137931	35.7	52.054
"YGR165W"	345	NA	-0.2	NA	NA	NA	NA	44.705
"YGR166W"	560	1	0	-6.4	81	0.37037037037037	28.6	11.517
"YGR167W"	233	0	-0.1	-9.5	65	0.4	26.6	384.634
"YGR168C"	376	NA	-1.7	NA	NA	NA	42.9	5.13
"YGR169C"	404	1	-3.4	-8.8	27	0.37037037037037	32.8	10.871
"YGR169C-A"	92	0	0	-4.7	64	0.40625	33.3	122.237
"YGR170W"	1138	1	-1.3	-14.1	66	0.393939393939394	23.6	8.958
"YGR171C"	575	0	-1	-12.4	24	0.333333333333333	33.6	9.937
"YGR172C"	248	0	-2.1	-7.9	38	0.394736842105263	29.2	171.339
"YGR173W"	368	NA	0	NA	NA	NA	28.7	100.339
"YGR174C"	170	NA	-1.1	NA	NA	NA	NA	32.955
"YGR174W-A"	28	NA	-2	NA	NA	NA	NA	2.438
"YGR175C"	496	0	-0.1	-9.3	28	0.392857142857143	27	491.225
"YGR177C"	535	0	-2.6	-6.7	63	0.412698412698413	32.9	18.552
"YGR178C"	722	NA	-1.8	NA	NA	NA	NA	130.447
"YGR179C"	406	NA	-1.5	NA	NA	NA	NA	17.517
"YGR180C"	345	0	-1.5	-4.4	210	0.380952380952381	22.8	760.74
"YGR181W"	105	0	-0.7	-7.5	76	0.381578947368421	25.9	226.406
"YGR183C"	66	NA	-4.5	NA	NA	NA	2.1	187.683
"YGR184C"	1950	NA	0	NA	NA	NA	NA	26.38
"YGR185C"	394	0	0	-8.3	33	0.393939393939394	25.6	507.846
"YGR186W"	735	0	-3.3	-15.9	11	0.454545454545455	26.5	65.254
"YGR187C"	394	NA	-3.6	NA	NA	NA	NA	93.854
"YGR188C"	1021	1	-0.4	-10.2	40	0.4	31	2.571
"YGR189C"	507	NA	0	NA	NA	NA	NA	290.872
"YGR191W"	603	0	0	-10.6	202	0.386138613861386	27.7	91.542
"YGR193C"	410	NA	0	NA	NA	NA	21.2	111.77
"YGR194C"	600	NA	0	NA	NA	NA	NA	21.54
"YGR195W"	246	0	-1.8	-6.9	107	0.327102803738318	26	72.332
"YGR196C"	817	0	-4.1	-8.9	8	0.625	27	25.206
"YGR197C"	547	1	-1.1	-11.1	207	0.381642512077295	28.8	11.686
"YGR198W"	817	0	-2.5	-9.3	42	0.380952380952381	21.5	21.941
"YGR199W"	759	0	0	-10	42	0.380952380952381	25.8	40.636
"YGR200C"	788	0	-1	-6.1	60	0.4	23.2	59.671
"YGR201C"	225	0	-3.9	-9.8	5	0.6	35.9	11.714
"YGR202C"	424	NA	0	NA	NA	NA	30.9	48.18
"YGR203W"	148	NA	-3.4	NA	NA	NA	34.2	43.639
"YGR204C-A"	37	NA	0	NA	NA	NA	NA	0
"YGR204W"	946	0	0	-10.4	40	0.4	27.4	379.565
"YGR205W"	290	NA	-0.7	NA	NA	NA	42.8	61.954
"YGR206W"	101	NA	-3.6	NA	NA	NA	NA	48.116
"YGR207C"	261	0	-0.8	-4	56	0.392857142857143	28.5	132.732
"YGR208W"	309	NA	-1.9	NA	NA	NA	26.1	100.631
"YGR209C"	104	0	0	-2	54	0.407407407407407	19.6	1832.577
"YGR210C"	411	NA	-1.5	NA	NA	NA	27.2	65.301
"YGR211W"	486	0	-3.8	-10	103	0.339805825242718	29.3	127.578
"YGR212W"	468	NA	-0.2	NA	NA	NA	NA	7.75
"YGR213C"	317	NA	0	NA	NA	NA	NA	0.979
"YGR214W"	252	0	0	-6	20	0.3	21.2	2648.124
"YGR215W"	110	0	-2.3	-14.9	52	0.423076923076923	22.3	127.215
"YGR216C"	609	1	-2.1	-11.5	60	0.4	32.4	15.488
"YGR217W"	2039	NA	-2	NA	NA	NA	41.5	6.859
"YGR218W"	1084	NA	0	NA	NA	NA	6.2	130.179
"YGR220C"	269	NA	-1.2	NA	NA	NA	25.6	64.412
"YGR221C"	622	NA	-7.1	NA	NA	NA	32.5	4.177
"YGR222W"	293	0	-1.3	-12	1	1	34.7	21.975
"YGR223C"	448	0	0	-9.8	60	0.4	22	17.339
"YGR224W"	613	NA	0	NA	NA	NA	NA	0.259
"YGR225W"	593	NA	-0.3	NA	NA	NA	NA	0
"YGR227W"	525	0	-0.4	-6	69	0.376811594202899	33.6	41.809
"YGR229C"	505	0	0	-3.1	206	0.378640776699029	25.4	88.702
"YGR230W"	137	7	-0.7	-14.4	349	0.406876790830946	28.4	23.736
"YGR231C"	310	0	-3.1	-8.6	54	0.407407407407407	25.8	178.149
"YGR232W"	228	1	-0.6	-9	23	0.347826086956522	24.3	133.057
"YGR233C"	1178	11	-0.9	-8.2	793	0.424968474148802	21.6	8.248
"YGR234W"	399	0	0	-1.8	21	0.333333333333333	25.3	215.573
"YGR235C"	233	0	-2.5	-10.1	72	0.388888888888889	31	111.204
"YGR236C"	95	NA	0	NA	NA	NA	NA	2.925
"YGR237C"	785	0	-0.4	-8.1	89	0.370786516853933	28.9	17.86
"YGR238C"	882	NA	-3.3	NA	NA	NA	NA	7.209
"YGR239C"	288	NA	0	NA	NA	NA	8.6	31.448
"YGR240C"	987	0	0	-4.5	234	0.376068376068376	21.7	1006.858
"YGR241C"	568	0	-3.3	-9	196	0.38265306122449	33.8	33.613
"YGR243W"	146	NA	0	NA	NA	NA	NA	25.435
"YGR244C"	427	0	0	-11.7	116	0.353448275862069	31.1	152.274
"YGR245C"	767	0	-0.9	-6.6	88	0.375	26.6	44.945
"YGR246C"	596	0	0	-10.5	15	0.333333333333333	32.2	27.634
"YGR247W"	239	NA	-1.5	NA	NA	NA	50.3	30.023
"YGR248W"	255	NA	0	NA	NA	NA	NA	44.086
"YGR249W"	456	NA	-1.2	NA	NA	NA	NA	1.152
"YGR250C"	781	NA	0	NA	NA	NA	NA	36.103
"YGR251W"	196	0	-2.9	-8.4	29	0.379310344827586	28	35.838
"YGR252W"	439	0	0	-8.2	49	0.408163265306122	37.3	29.031
"YGR253C"	260	NA	-0.9	NA	NA	NA	19.3	321.911
"YGR255C"	479	0	-4.7	-11	44	0.363636363636364	28	42.394
"YGR256W"	492	NA	0	NA	NA	NA	NA	4.388
"YGR257C"	366	1	-1	-10.7	57	0.385964912280702	31.7	16.36
"YGR258C"	1031	0	-1.6	-11.4	29	0.379310344827586	25.2	7.431
"YGR260W"	534	NA	-1.6	NA	NA	NA	42.7	142.359
"YGR261C"	809	NA	-1.6	NA	NA	NA	28.7	47.736
"YGR262C"	261	0	-3.9	-5.2	17	0.294117647058824	28	49.799
"YGR263C"	424	NA	0	NA	NA	NA	29.8	18.037
"YGR264C"	751	0	0	-7.6	46	0.391304347826087	24.6	306.423
"YGR266W"	701	NA	0	NA	NA	NA	33.2	40.81
"YGR267C"	243	NA	0	NA	NA	NA	NA	193.926
"YGR268C"	198	NA	-2.5	NA	NA	NA	37.3	49.198
"YGR270W"	1379	NA	-1.4	NA	NA	NA	5.5	20.946
"YGR271C-A"	233	0	0	-6.84	51	0.411764705882353	28.4	40.121
"YGR271W"	1967	0	-2.2	-6.2	22	0.363636363636364	25	12.761
"YGR273C"	174	NA	0	NA	NA	NA	NA	0
"YGR274C"	1066	0	-0.2	-9.8	17	0.294117647058824	21	12.017
"YGR275W"	157	0	-2.2	-10.9	15	0.333333333333333	28	112.848
"YGR276C"	553	0	0	-13.5	15	0.333333333333333	23.8	35.454
"YGR277C"	305	NA	0	NA	NA	NA	16.1	45.356
"YGR278W"	577	NA	0	NA	NA	NA	NA	13.113
"YGR279C"	386	0	0	-2.3	108	0.324074074074074	39.1	1546.643
"YGR280C"	271	NA	-1	NA	NA	NA	28.8	60.747
"YGR281W"	1477	0	-1.8	-14.7	218	0.380733944954128	28.4	24.674
"YGR282C"	313	0	-0.8	-6.1	41	0.390243902439024	27.3	1831.328
"YGR283C"	341	0	0	-6.5	28	0.392857142857143	32.6	25.723
"YGR284C"	310	0	0	-10.3	27	0.37037037037037	29.1	257.307
"YGR285C"	433	0	-0.3	-11.4	14	0.357142857142857	24.4	1027.359
"YGR286C"	375	0	0	-6.8	42	0.380952380952381	34	37.806
"YGR288W"	473	NA	-2	NA	NA	NA	NA	7.671
"YGR289C"	616	NA	-0.8	NA	NA	NA	52.2	0.172
"YHL002W"	452	NA	-0.2	NA	NA	NA	NA	50.412
"YHL003C"	411	0	-1.1	-11.4	167	0.383233532934132	25.4	145.241
"YHL004W"	394	0	-3	-16	81	0.37037037037037	45.4	59.786
"YHL006C"	150	NA	-3.5	NA	NA	NA	NA	13.719
"YHL007C"	939	0	0	-8.5	102	0.343137254901961	25.3	43.806
"YHL008C"	627	1	-4.7	-4.9	169	0.384615384615385	29.9	12.094
"YHL009C"	330	NA	-0.8	NA	NA	NA	NA	33.292
"YHL010C"	585	NA	0	NA	NA	NA	NA	8.505
"YHL011C"	320	0	0	-4.3	64	0.40625	31.7	211.342
"YHL012W"	493	NA	-1.2	NA	NA	NA	NA	0.748
"YHL013C"	307	0	-0.6	-9.3	4	0.75	33.8	41.712
"YHL014C"	405	0	0	-7.5	12	0.416666666666667	35.3	8.65
"YHL015W"	121	0	0	-2.6	31	0.419354838709677	23	5733.094
"YHL015W-A"	27	NA	-3.6	NA	NA	NA	NA	0
"YHL016C"	735	NA	-2.4	NA	NA	NA	NA	3.983
"YHL017W"	532	0	-1.7	-10.7	23	0.347826086956522	42.3	39.688
"YHL018W"	120	0	0	-10.6	16	0.3125	2.9	23.103
"YHL019C"	605	0	0	-11.8	1	1	31.6	9.895
"YHL020C"	404	0	-5	-15.9	80	0.375	24.4	49.564
"YHL021C"	465	NA	0	NA	NA	NA	NA	114.491
"YHL022C"	398	NA	0	NA	NA	NA	19	3.02
"YHL023C"	1146	NA	-1.2	NA	NA	NA	16.6	10.863
"YHL025W"	332	0	-3.1	-6.8	59	0.406779661016949	39.4	29.509
"YHL026C"	315	1	0	-5.9	66	0.393939393939394	33.6	7.058
"YHL027W"	625	NA	-2.5	NA	NA	NA	NA	60.067
"YHL028W"	605	NA	0	NA	NA	NA	21.1	19.003
"YHL029C"	679	0	-5.1	-19.1	21	0.333333333333333	25.4	18.859
"YHL030W"	1868	0	0	-12.2	13	0.384615384615385	22.9	40.006
"YHL031C"	223	0	0	-7.2	12	0.416666666666667	27.1	69.733
"YHL032C"	709	3	-2.8	-20.6	80	0.375	29.5	3.451
"YHL034C"	294	0	0	-6.7	120	0.358333333333333	23	730.37
"YHL035C"	1592	NA	-5.6	NA	NA	NA	21.3	3.418
"YHL036W"	546	NA	-0.5	NA	NA	NA	27.6	6.192
"YHL038C"	630	0	-2.2	-12.1	36	0.416666666666667	33.1	9.765
"YHL039W"	585	0	-1.1	-7.2	53	0.415094339622642	29.5	43.431
"YHL040C"	627	NA	-0.3	NA	NA	NA	NA	31.209
"YHL042W"	150	NA	0	NA	NA	NA	NA	4.573
"YHL043W"	170	NA	-2.4	NA	NA	NA	NA	0.292
"YHL044W"	235	0	-4.4	-12	18	0.277777777777778	30.3	10.816
"YHL047C"	620	NA	-2.3	NA	NA	NA	NA	4.703
"YHR001W"	437	NA	-0.4	NA	NA	NA	31.3	60.839
"YHR001W-A"	77	NA	0	NA	NA	NA	34.1	197.026
"YHR002W"	357	NA	-2	NA	NA	NA	30	10.344
"YHR003C"	429	0	-2.1	-10	20	0.3	27.1	32.981
"YHR004C"	446	0	-2.7	-4.3	82	0.365853658536585	41	11.884
"YHR005C"	472	NA	-0.1	NA	NA	NA	18.4	83.107
"YHR005C-A"	93	NA	-0.1	NA	NA	NA	NA	653.267
"YHR006W"	541	NA	-1.6	NA	NA	NA	29.8	40.805
"YHR007C"	530	NA	0	NA	NA	NA	10.2	425.221
"YHR007C-A"	71	NA	-1.3	NA	NA	NA	NA	1.242
"YHR008C"	233	NA	0	NA	NA	NA	0.4	351.491
"YHR009C"	523	0	0	-7.5	236	0.377118644067797	30	63.45
"YHR010W"	136	0	0	-8.2	17	0.294117647058824	18.1	4872.048
"YHR011W"	446	0	-0.2	-4.3	47	0.382978723404255	32.7	9.648
"YHR012W"	282	0	-1.8	-7.5	22	0.363636363636364	29.7	76.555
"YHR013C"	238	NA	0	NA	NA	NA	10.5	167.165
"YHR014W"	291	NA	-1.3	NA	NA	NA	NA	0.708
"YHR015W"	659	NA	0	NA	NA	NA	NA	2.095
"YHR016C"	468	NA	-1	NA	NA	NA	6.6	61.665
"YHR017W"	385	NA	-1.2	NA	NA	NA	26.4	19.923
"YHR018C"	463	0	0	-5.9	56	0.392857142857143	32.1	634.428
"YHR019C"	554	NA	-0.5	NA	NA	NA	9.1	863.996
"YHR020W"	688	NA	0	NA	NA	NA	20.2	447.615
"YHR021C"	82	0	-0.4	-5.6	36	0.416666666666667	20.1	5242.14
"YHR021W-A"	151	NA	-0.1	NA	NA	NA	NA	6.494
"YHR022C"	256	2	-2.7	-5.5	134	0.358208955223881	NA	1.797
"YHR022C-A"	29	NA	-3.8	NA	NA	NA	NA	4.768
"YHR023W"	1928	NA	0	NA	NA	NA	NA	19.26
"YHR024C"	482	NA	-1.6	NA	NA	NA	NA	55.785
"YHR025W"	357	0	-1.4	-8.7	31	0.419354838709677	28.6	399.041
"YHR026W"	213	0	-3.3	-11	116	0.353448275862069	22.9	494.454
"YHR027C"	993	NA	-1.9	NA	NA	NA	25.9	202.084
"YHR028C"	818	0	0	-8.6	26	0.384615384615385	28.9	62.548
"YHR029C"	294	0	0	-9.5	14	0.357142857142857	20	188.901
"YHR030C"	484	0	0	-6.9	38	0.394736842105263	35.8	37.839
"YHR031C"	723	0	-1.1	-9.9	42	0.380952380952381	29.7	10.083
"YHR032W"	581	0	0	-10.7	97	0.360824742268041	NA	51.099
"YHR033W"	423	NA	-2.2	NA	NA	NA	10.6	0.743
"YHR034C"	344	0	0	-4.6	35	0.4	27.5	27.32
"YHR035W"	630	NA	-3.1	NA	NA	NA	NA	4.546
"YHR036W"	471	NA	-0.9	NA	NA	NA	NA	22.438
"YHR037W"	575	NA	-1.1	NA	NA	NA	NA	81.796
"YHR038W"	230	NA	0	NA	NA	NA	27	29.132
"YHR039C"	644	NA	-0.3	NA	NA	NA	28.4	63.201
"YHR039C-A"	114	NA	-3.8	NA	NA	NA	11.4	907.408
"YHR040W"	366	0	-1.5	-10	17	0.294117647058824	4.3	12.519
"YHR041C"	210	NA	-2.1	NA	NA	NA	NA	44.432
"YHR042W"	691	0	-3.1	-9.4	41	0.390243902439024	25.9	143.854
"YHR045W"	560	NA	-1.7	NA	NA	NA	23.6	31.153
"YHR046C"	295	NA	-0.4	NA	NA	NA	NA	46.462
"YHR047C"	856	0	-2.6	-5.9	29	0.379310344827586	24.2	69.993
"YHR048W"	514	2	-1.2	-14.9	103	0.339805825242718	38.3	1.026
"YHR049W"	243	0	0	-5.7	40	0.4	25	170.864
"YHR050W"	549	NA	-0.1	NA	NA	NA	35.8	38.399
"YHR050W-A"	56	NA	-0.1	NA	NA	NA	2.9	131.852
"YHR051W"	148	NA	0	NA	NA	NA	3.7	251.918
"YHR052W"	376	NA	0	NA	NA	NA	27.9	116.595
"YHR057C"	205	0	0	-8.9	17	0.294117647058824	29.3	75.887
"YHR058C"	295	0	-3	-9.9	20	0.3	34.6	29.17
"YHR059W"	130	0	0	-1.2	53	0.415094339622642	35.9	52.707
"YHR060W"	181	NA	-1	NA	NA	NA	NA	59.213
"YHR061C"	314	0	-0.7	-8.4	163	0.380368098159509	NA	19.756
"YHR062C"	293	0	-0.1	-8.5	13	0.384615384615385	34.1	34.632
"YHR063C"	379	0	-3.2	-10.4	22	0.363636363636364	28.4	122.453
"YHR064C"	538	0	0	-8.3	34	0.382352941176471	18.9	902.365
"YHR065C"	501	NA	-0.3	NA	NA	NA	26.6	81.396
"YHR067W"	280	NA	-0.5	NA	NA	NA	10.3	20.736
"YHR068W"	387	0	-0.6	-8.8	57	0.385964912280702	20.6	366.822
"YHR069C"	359	0	-4.3	-7.5	27	0.37037037037037	29.6	48.836
"YHR070W"	499	NA	-1.6	NA	NA	NA	6.7	40.961
"YHR071W"	229	NA	0	NA	NA	NA	16.6	37.893
"YHR072W"	731	1	0	-5.7	67	0.388059701492537	27.8	28.469
"YHR072W-A"	58	0	-1	-3.9	58	0.396551724137931	27.3	892.41
"YHR073W"	996	NA	-3.2	NA	NA	NA	32.4	20.213
"YHR074W"	714	NA	-4.3	NA	NA	NA	NA	78.306
"YHR075C"	400	NA	0	NA	NA	NA	NA	16.462
"YHR076W"	343	NA	0	NA	NA	NA	30.5	61.906
"YHR077C"	1089	NA	-2.7	NA	NA	NA	32.2	17.774
"YHR078W"	552	0	-4.6	-19.9	29	0.379310344827586	34.3	12.541
"YHR079C"	1115	NA	-0.1	NA	NA	NA	NA	8.659
"YHR079C-A"	91	NA	-3.3	NA	NA	NA	NA	0
"YHR080C"	1345	2	-0.6	-23.8	203	0.38423645320197	26.2	5.157
"YHR081W"	184	0	-1.1	-9.2	21	0.333333333333333	32.3	69.722
"YHR082C"	1029	NA	-0.1	NA	NA	NA	NA	33.736
"YHR083W"	329	NA	-4.9	NA	NA	NA	NA	44.412
"YHR084W"	688	NA	-2.4	NA	NA	NA	NA	43.34
"YHR085W"	334	NA	0	NA	NA	NA	48.3	24.684
"YHR086W"	523	NA	-1.3	NA	NA	NA	NA	33.188
"YHR087W"	111	NA	0	NA	NA	NA	NA	229.411
"YHR088W"	295	NA	0	NA	NA	NA	NA	64.279
"YHR089C"	205	0	-0.4	-7.3	41	0.390243902439024	26.7	376.243
"YHR090C"	282	0	-4	-9.6	9	0.555555555555556	27.8	25.154
"YHR091C"	643	1	-11.4	-15.2	28	0.392857142857143	27.7	8.005
"YHR094C"	570	0	-1.4	-7.5	36	0.416666666666667	22.9	373.958
"YHR097C"	366	NA	0	NA	NA	NA	30.2	40.402
"YHR098C"	929	0	-3.7	-12.9	81	0.37037037037037	31.2	80.421
"YHR099W"	3744	NA	-0.3	NA	NA	NA	NA	21.801
"YHR101C"	335	NA	-3.1	NA	NA	NA	35.3	22.911
"YHR102W"	1080	0	0	-10.9	185	0.389189189189189	24.3	14.892
"YHR103W"	852	0	-0.9	-3.4	242	0.371900826446281	27.2	30.771
"YHR104W"	327	0	-0.6	-8.1	100	0.35	28.7	234.6
"YHR105W"	214	NA	0	NA	NA	NA	NA	16.756
"YHR106W"	342	NA	-0.6	NA	NA	NA	2.9	17.758
"YHR107C"	407	NA	-1.3	NA	NA	NA	30.5	121.042
"YHR108W"	585	0	-3.7	-9	39	0.41025641025641	29.3	163.769
"YHR109W"	585	0	-1.2	-11.6	17	0.294117647058824	29.5	9.591
"YHR110W"	212	0	-2.4	-10.3	27	0.37037037037037	32.4	72.136
"YHR111W"	440	0	0	-5.6	5	0.6	30.3	41.723
"YHR112C"	378	NA	-0.2	NA	NA	NA	32.1	38.76
"YHR113W"	490	NA	-1.9	NA	NA	NA	10.8	85.204
"YHR114W"	633	1	0	-6.6	73	0.383561643835616	29.8	30.837
"YHR115C"	416	NA	-1.2	NA	NA	NA	6.6	56.62
"YHR116W"	151	NA	-3.8	NA	NA	NA	NA	28.572
"YHR117W"	639	0	-0.6	-10.3	33	0.393939393939394	27.9	51.312
"YHR118C"	435	NA	0	NA	NA	NA	NA	20.972
"YHR119W"	1080	NA	-4.6	NA	NA	NA	NA	12.708
"YHR120W"	959	NA	-2	NA	NA	NA	NA	6.807
"YHR121W"	187	0	-0.9	-9.4	81	0.37037037037037	28.3	121.886
"YHR122W"	231	NA	-0.7	NA	NA	NA	28.9	85.505
"YHR123W"	391	1	0	-2.12	59	0.406779661016949	26.9	79.322
"YHR124W"	627	NA	0	NA	NA	NA	20.4	1.607
"YHR126C"	159	NA	0	NA	NA	NA	NA	0
"YHR127W"	243	1	-1	-7.8	46	0.391304347826087	34.9	53.88
"YHR128W"	216	0	-0.4	-4.9	8	0.625	27.1	406.42
"YHR129C"	384	2	0	-6.1	81	0.37037037037037	33.9	8.967
"YHR131C"	850	NA	-2.7	NA	NA	NA	20.4	5.339
"YHR132C"	430	NA	-0.3	NA	NA	NA	NA	129.435
"YHR132W-A"	131	NA	-2.4	NA	NA	NA	NA	103.962
"YHR133C"	291	0	0	-12	5	0.6	28.5	144.384
"YHR134W"	269	NA	-0.4	NA	NA	NA	NA	9.147
"YHR135C"	538	2	-1.4	-13	122	0.352459016393443	30.1	87.547
"YHR136C"	148	NA	0	NA	NA	NA	6.2	4.628
"YHR137W"	513	0	0	-7	10	0.5	30.7	84.177
"YHR138C"	114	NA	-2.4	NA	NA	NA	NA	59.994
"YHR139C"	326	NA	0	NA	NA	NA	NA	1.112
"YHR140W"	239	NA	-0.3	NA	NA	NA	28.4	17.247
"YHR142W"	316	0	0	-12.7	124	0.354838709677419	31.7	63.494
"YHR143W"	325	0	0	-6.3	260	0.373076923076923	28.7	426.695
"YHR143W-A"	70	NA	0	NA	NA	NA	28.1	431.533
"YHR144C"	312	NA	0	NA	NA	NA	24.4	37.931
"YHR146W"	465	0	0	-7.1	36	0.416666666666667	16.8	185.017
"YHR147C"	214	0	-1.6	-9.5	36	0.416666666666667	24.4	73.87
"YHR148W"	183	0	-0.7	-7.3	24	0.333333333333333	26.8	64.345
"YHR149C"	734	NA	-0.9	NA	NA	NA	33.3	21.611
"YHR150W"	579	1	-3	-4.5	63	0.412698412698413	31.4	5.849
"YHR151C"	526	0	-1.9	-12.4	169	0.384615384615385	24	14.245
"YHR152W"	173	NA	0	NA	NA	NA	39	113.088
"YHR153C"	198	0	-3.3	-13.5	8	0.625	34.9	6.594
"YHR154W"	1070	0	-1.6	-7	45	0.377777777777778	30.4	21.993
"YHR155W"	1228	NA	-1.7	NA	NA	NA	3	9.447
"YHR156C"	340	0	0	-5.7	29	0.379310344827586	30.2	9.768
"YHR157W"	182	NA	0	NA	NA	NA	NA	3.562
"YHR158C"	1164	NA	0	NA	NA	NA	18.9	32.829
"YHR159W"	504	NA	-0.2	NA	NA	NA	24	9.096
"YHR160C"	283	NA	0	NA	NA	NA	NA	1.817
"YHR161C"	637	0	-0.4	-12.3	89	0.370786516853933	34.7	32.147
"YHR162W"	129	0	0	-6.9	168	0.386904761904762	29.7	1006.062
"YHR163W"	249	0	-4.8	-16.9	7	0.714285714285714	25.7	174.997
"YHR164C"	1522	NA	-6.6	NA	NA	NA	NA	6.899
"YHR165C"	2413	NA	0	NA	NA	NA	22	10.889
"YHR166C"	626	NA	-1.5	NA	NA	NA	26.5	10.927
"YHR167W"	261	0	-0.3	-5.1	53	0.415094339622642	24.8	25.88
"YHR168W"	518	0	-2.5	-10.7	35	0.4	33.7	7.535
"YHR169W"	431	0	0	-4.6	61	0.409836065573771	40.4	28.821
"YHR170W"	518	0	-0.4	-10.3	19	0.263157894736842	28.6	92.248
"YHR171W"	630	0	0	-10.7	10	0.5	17.3	11.365
"YHR172W"	823	NA	-1.3	NA	NA	NA	NA	11.929
"YHR175W"	189	NA	-0.7	NA	NA	NA	NA	90.79
"YHR176W"	432	NA	0	NA	NA	NA	NA	5.581
"YHR177W"	453	NA	-0.8	NA	NA	NA	NA	2.782
"YHR178W"	743	NA	-0.8	NA	NA	NA	NA	6.306
"YHR179W"	400	0	-3.6	-4.5	42	0.380952380952381	25.7	1049.931
"YHR181W"	228	NA	0	NA	NA	NA	32.7	107.024
"YHR182W"	785	NA	-5.7	NA	NA	NA	12.6	7.741
"YHR183W"	489	0	0	-6.8	78	0.371794871794872	19.4	1194.248
"YHR184W"	571	NA	-0.7	NA	NA	NA	NA	2.409
"YHR185C"	237	NA	0	NA	NA	NA	NA	0
"YHR186C"	1557	NA	0	NA	NA	NA	31.8	11.035
"YHR187W"	309	0	-2.3	-8	36	0.416666666666667	35.5	38.949
"YHR188C"	610	0	-0.3	-14.4	10	0.5	23.5	72.971
"YHR189W"	190	0	-1.4	-13.4	37	0.405405405405405	NA	7.902
"YHR190W"	444	NA	-0.5	NA	NA	NA	23	217.441
"YHR191C"	133	NA	-5.9	NA	NA	NA	24.9	40.738
"YHR192W"	278	0	0	-7.8	36	0.416666666666667	32.9	41.199
"YHR193C"	174	0	0	-4.2	33	0.393939393939394	23.8	2210.488
"YHR194W"	579	1	-2.3	-10.8	49	0.408163265306122	38.2	5.301
"YHR195W"	321	NA	-1.6	NA	NA	NA	NA	26.44
"YHR196W"	575	0	-2.1	-10	55	0.4	28.2	52.997
"YHR197W"	763	0	-1	-9.7	18	0.277777777777778	29.3	30.652
"YHR198C"	321	0	-2.8	-10.2	1	1	27.6	36.92
"YHR199C"	310	NA	-3.7	NA	NA	NA	4.4	27.497
"YHR199C-A"	73	NA	-4	NA	NA	NA	NA	16.392
"YHR200W"	268	NA	0	NA	NA	NA	NA	215.333
"YHR201C"	397	0	-1.6	-8.7	24	0.333333333333333	24.1	85.409
"YHR202W"	602	1	-3.9	-12.1	42	0.380952380952381	27.3	11.879
"YHR204W"	796	NA	-5	NA	NA	NA	NA	9.244
"YHR205W"	824	NA	0	NA	NA	NA	NA	64.886
"YHR206W"	622	0	0	-7.5	293	0.385665529010239	31.7	31.623
"YHR207C"	526	NA	0	NA	NA	NA	27.9	33.707
"YHR208W"	393	0	-3.4	-13.3	22	0.363636363636364	24.1	1365.669
"YHR209W"	291	NA	-5.4	NA	NA	NA	12.8	11.855
"YHR210C"	341	NA	-0.8	NA	NA	NA	NA	0.609
"YIL001W"	513	0	-0.2	-10	60	0.4	36.7	12.642
"YIL002C"	946	NA	-1.8	NA	NA	NA	28.9	11.367
"YIL002W-A"	69	NA	0	NA	NA	NA	3.2	285.328
"YIL003W"	293	NA	0	NA	NA	NA	38	30.941
"YIL004C"	142	0	-4.9	-8.8	20	0.3	34.1	63.131
"YIL005W"	701	0	-6.7	-10.4	134	0.358208955223881	23.1	54.768
"YIL006W"	373	0	-8.8	-13.2	14	0.357142857142857	23.9	4.051
"YIL007C"	220	0	0	-3.8	27	0.37037037037037	31.8	25.763
"YIL008W"	99	0	-1.5	-8	47	0.382978723404255	28.9	161.434
"YIL009C-A"	181	0	-3	-6.9	13	0.384615384615385	34.1	38.006
"YIL009W"	694	0	-2.7	-12.6	9	0.555555555555556	29.2	30.947
"YIL010W"	215	NA	-1.6	NA	NA	NA	NA	119.844
"YIL011W"	269	0	0	-4.1	33	0.393939393939394	27.1	15.245
"YIL013C"	1411	NA	-1.8	NA	NA	NA	NA	1.068
"YIL014C-A"	104	NA	-1	NA	NA	NA	NA	69.928
"YIL014W"	630	NA	0	NA	NA	NA	NA	19.867
"YIL015W"	587	NA	-0.9	NA	NA	NA	33.1	248.628
"YIL016W"	159	0	-4.4	-12.5	29	0.379310344827586	27.4	71.277
"YIL017C"	921	1	-2.5	-12.4	71	0.394366197183099	29.7	7.664
"YIL019W"	346	1	0	-2.7	21	0.333333333333333	25.7	30.622
"YIL020C"	261	NA	-2.7	NA	NA	NA	29.4	67.836
"YIL021W"	318	NA	0	NA	NA	NA	25.5	131.76
"YIL022W"	431	0	-2	-10.8	110	0.327272727272727	31.4	78.922
"YIL023C"	346	0	0	-13.2	1	1	29.5	36.926
"YIL024C"	189	NA	-3.1	NA	NA	NA	NA	3.97
"YIL026C"	1150	NA	-4.8	NA	NA	NA	27.7	20.671
"YIL027C"	141	0	0	-4.3	59	0.406779661016949	29.5	148.815
"YIL029C"	142	3	0	-9.8	106	0.330188679245283	5.4	0.686
"YIL030C"	1319	0	-1.1	-11.9	37	0.405405405405405	26.3	47.564
"YIL031W"	1034	NA	-0.1	NA	NA	NA	NA	6.891
"YIL033C"	416	0	0	-2.3	109	0.330275229357798	31.4	120.537
"YIL034C"	287	0	0	-9.9	14	0.357142857142857	26.3	170.308
"YIL035C"	372	NA	-0.6	NA	NA	NA	7.6	73.395
"YIL036W"	587	0	-3.6	-12.1	160	0.375	32.8	49.689
"YIL037C"	656	NA	-0.6	NA	NA	NA	27.5	1.942
"YIL038C"	836	NA	-2.8	NA	NA	NA	6	50.757
"YIL039W"	473	0	-0.4	-8.6	53	0.415094339622642	24.6	88.718
"YIL040W"	138	0	-2.1	-5.3	10	0.5	35.2	99.257
"YIL041W"	326	0	0	-7.4	23	0.347826086956522	28.9	351.417
"YIL042C"	394	0	-3.8	-12.5	39	0.41025641025641	30.8	12.726
"YIL043C"	284	0	0	-17.1	13	0.384615384615385	27.5	353.612
"YIL044C"	298	0	-2.4	-12.3	27	0.37037037037037	26.5	89.79
"YIL045W"	538	NA	-1.5	NA	NA	NA	28.1	12.072
"YIL046W"	640	0	0	-6.7	50	0.42	24.1	9.202
"YIL047C"	902	NA	-4.8	NA	NA	NA	NA	25.422
"YIL048W"	1151	NA	-0.6	NA	NA	NA	NA	21.679
"YIL049W"	253	NA	-2.7	NA	NA	NA	NA	24.629
"YIL050W"	285	0	0	-5.5	76	0.381578947368421	24.3	48.905
"YIL051C"	145	0	0	-2.5	52	0.423076923076923	24.6	2292.497
"YIL053W"	250	0	0	-2.8	29	0.379310344827586	21.9	2387.488
"YIL055C"	627	NA	0	NA	NA	NA	NA	7.189
"YIL056W"	640	1	0	-10.4	318	0.39622641509434	37.6	26.943
"YIL057C"	164	NA	0	NA	NA	NA	NA	0.603
"YIL061C"	300	0	0	-12.1	20	0.3	39.2	20.114
"YIL062C"	154	0	-0.3	-5.7	39	0.41025641025641	26.1	314.194
"YIL063C"	327	0	-0.4	-10	20	0.3	22.2	70.016
"YIL064W"	257	NA	-1.4	NA	NA	NA	28.9	48.339
"YIL065C"	155	0	0	-7.8	40	0.4	24.4	80.231
"YIL066C"	869	NA	0	NA	NA	NA	NA	3.319
"YIL067C"	678	0	0	-10	60	0.4	29.1	12.617
"YIL068C"	805	0	-4.1	-8.2	60	0.4	18.5	23.255
"YIL070C"	266	NA	0	NA	NA	NA	NA	111.703
"YIL071C"	444	0	0	-6.3	13	0.384615384615385	23.7	7.09
"YIL072W"	605	NA	-1.9	NA	NA	NA	NA	0.788
"YIL073C"	975	NA	-1.4	NA	NA	NA	51	0
"YIL074C"	469	NA	-3.2	NA	NA	NA	28.7	116.575
"YIL075C"	945	0	0	-7.6	63	0.412698412698413	22.9	167.223
"YIL076W"	296	0	-0.4	-5.1	13	0.384615384615385	25	206.148
"YIL077C"	320	0	-3	-9.4	24	0.333333333333333	42.2	14.23
"YIL078W"	734	0	-1.4	-13.8	18	0.277777777777778	23.7	808.099
"YIL079C"	360	0	-1.6	-7.9	31	0.419354838709677	32	30.206
"YIL083C"	365	NA	0	NA	NA	NA	NA	53.345
"YIL084C"	327	0	-1.5	-8	43	0.372093023255814	39.2	21.543
"YIL087C"	157	0	0	-2.9	13	0.384615384615385	37.9	48.588
"YIL088C"	490	0	-0.6	-5.8	74	0.378378378378378	31	56.516
"YIL089W"	205	NA	-3.4	NA	NA	NA	28.7	4.175
"YIL090W"	491	0	-7.4	-7.9	139	0.352517985611511	30.6	29.596
"YIL091C"	721	0	-2.4	-6	37	0.405405405405405	23.1	31.438
"YIL092W"	633	NA	-1	NA	NA	NA	NA	5.866
"YIL093C"	264	NA	-5.3	NA	NA	NA	35.3	44.03
"YIL094C"	371	NA	0	NA	NA	NA	2.5	277.625
"YIL095W"	810	0	-0.7	-8.9	162	0.376543209876543	36.9	15.541
"YIL096C"	336	NA	0	NA	NA	NA	5.8	20.376
"YIL097W"	516	NA	0	NA	NA	NA	24.9	8.483
"YIL098C"	155	NA	0	NA	NA	NA	NA	33.932
"YIL099W"	549	NA	0	NA	NA	NA	NA	1.059
"YIL101C"	647	NA	0	NA	NA	NA	9.1	12.714
"YIL102C-A"	75	0	-2.2	-11.1	35	0.4	33.1	26.131
"YIL103W"	425	0	-1.4	-8.5	51	0.411764705882353	36.7	27.733
"YIL104C"	507	NA	0	NA	NA	NA	27.7	19.024
"YIL105C"	686	NA	0	NA	NA	NA	18.4	33.934
"YIL106W"	314	0	-2	-4.5	17	0.294117647058824	34.3	54.165
"YIL107C"	827	NA	-0.8	NA	NA	NA	13.2	16.132
"YIL108W"	696	NA	-0.5	NA	NA	NA	44.5	36.59
"YIL109C"	926	0	-0.7	-7.7	88	0.375	26.5	178.159
"YIL110W"	377	NA	-2.5	NA	NA	NA	27.4	38.72
"YIL111W"	151	NA	-2.1	NA	NA	NA	24.7	135.394
"YIL112W"	1083	NA	-2.2	NA	NA	NA	33.8	17.723
"YIL113W"	209	0	-9.5	-9.2	25	0.36	29	9.649
"YIL114C"	281	1	-0.2	-10.6	34	0.382352941176471	47.2	38.589
"YIL115C"	1460	NA	-0.1	NA	NA	NA	NA	50.691
"YIL116W"	385	NA	-1.9	NA	NA	NA	NA	260.629
"YIL117C"	318	0	0	-3.4	67	0.388059701492537	28.8	47.661
"YIL118W"	231	NA	0	NA	NA	NA	27.2	152.766
"YIL119C"	407	1	0	-5.2	202	0.386138613861386	29.1	61.806
"YIL120W"	563	NA	-2.1	NA	NA	NA	NA	1.69
"YIL121W"	542	0	-5.1	-9.9	5	0.6	41.5	118.882
"YIL122W"	351	1	-1.2	-6.9	258	0.372093023255814	28.2	7.699
"YIL123W"	476	NA	0	NA	NA	NA	24.5	742.661
"YIL124W"	297	0	-1.6	-6.2	32	0.40625	32.4	233.087
"YIL125W"	1014	NA	-0.9	NA	NA	NA	8	110.128
"YIL126W"	1359	0	-1.4	-8.9	71	0.394366197183099	32.8	34.784
"YIL127C"	206	0	-1.8	-6.4	41	0.390243902439024	29.2	61.366
"YIL128W"	1032	1	-1.6	-8.9	77	0.376623376623377	23	27.981
"YIL129C"	2376	1	0	-9.4	109	0.330275229357798	20.5	14.493
"YIL131C"	484	0	-1	-8.9	95	0.357894736842105	29.4	31.206
"YIL132C"	213	0	-1.9	-9.9	24	0.333333333333333	38.7	7.111
"YIL133C"	199	0	-1.5	-7	19	0.263157894736842	22.2	2211.467
"YIL134C-A"	67	NA	-4.4	NA	NA	NA	NA	0
"YIL134W"	311	0	-3.1	-13.7	25	0.36	24.3	8.972
"YIL135C"	436	0	-0.3	-8.8	18	0.277777777777778	33.3	41.611
"YIL136W"	393	NA	0	NA	NA	NA	34.9	45.979
"YIL137C"	946	NA	-3.5	NA	NA	NA	14	69.048
"YIL138C"	161	NA	-0.5	NA	NA	NA	6.2	232.566
"YIL139C"	245	NA	-0.8	NA	NA	NA	24.4	9.57
"YIL140W"	823	NA	0	NA	NA	NA	29.8	47.977
"YIL142W"	527	0	0	-10.3	38	0.394736842105263	27.2	206.474
"YIL143C"	843	0	-3.7	-11.3	35	0.4	27.4	25.077
"YIL144W"	691	NA	-2.8	NA	NA	NA	NA	16.078
"YIL145C"	309	0	-1.2	-7.1	10	0.5	29.5	85.754
"YIL146C"	529	NA	-0.5	NA	NA	NA	NA	6.185
"YIL147C"	1220	0	-2.1	-8.7	204	0.382352941176471	26	13.646
"YIL149C"	1679	NA	-5.2	NA	NA	NA	3.5	7.866
"YIL150C"	571	0	-1.6	-13.9	32	0.40625	NA	10.931
"YIL151C"	1118	NA	0	NA	NA	NA	14.6	10.075
"YIL152W"	235	0	-3.6	-11.5	27	0.37037037037037	25.8	10.383
"YIL153W"	393	0	0	-12.3	22	0.363636363636364	32.4	30.298
"YIL154C"	346	0	0	-7.9	26	0.384615384615385	38.3	51.487
"YIL155C"	649	NA	0	NA	NA	NA	29.2	30.504
"YIL156W"	1071	NA	-2.4	NA	NA	NA	28.7	8.008
"YIL157C"	197	0	0	-14.6	5	0.6	31.4	90.703
"YIL158W"	204	0	-3	-23.4	12	0.416666666666667	28	29.358
"YIL159W"	1375	NA	-0.5	NA	NA	NA	NA	4.733
"YIL160C"	417	NA	-1.8	NA	NA	NA	NA	0.502
"YIL161W"	235	NA	-2.3	NA	NA	NA	22.5	19.468
"YIL162W"	532	NA	-0.1	NA	NA	NA	NA	50.404
"YIL164C"	199	NA	-2.9	NA	NA	NA	NA	23.728
"YIL165C"	119	NA	-3.1	NA	NA	NA	NA	0.401
"YIL166C"	542	NA	0	NA	NA	NA	NA	1.754
"YIR001C"	250	NA	-1.2	NA	NA	NA	46.2	64.918
"YIR002C"	993	NA	0	NA	NA	NA	NA	9.49
"YIR003W"	679	NA	-0.9	NA	NA	NA	32.2	40.066
"YIR004W"	432	0	-4.3	-10.7	12	0.416666666666667	33.7	55.207
"YIR005W"	148	NA	0	NA	NA	NA	9.1	26.117
"YIR006C"	1480	0	-0.3	-14.8	35	0.4	29.2	118.359
"YIR007W"	764	0	-1.9	-9.2	23	0.347826086956522	NA	17.294
"YIR008C"	409	0	-0.2	-4.6	63	0.412698412698413	34.7	32.356
"YIR009W"	111	0	0	-8.2	53	0.415094339622642	NA	40.083
"YIR010W"	576	NA	-2.5	NA	NA	NA	25.8	16.809
"YIR011C"	319	NA	0	NA	NA	NA	44.8	40.87
"YIR012W"	431	0	-0.7	-6.9	26	0.384615384615385	20	114.31
"YIR013C"	121	NA	-0.1	NA	NA	NA	NA	0.395
"YIR014W"	242	0	-0.2	-11.2	17	0.294117647058824	0.1	11.996
"YIR015W"	144	0	0	-3.4	25	0.36	NA	11.181
"YIR016W"	265	NA	-7.7	NA	NA	NA	40.5	1.546
"YIR017C"	187	NA	-5.2	NA	NA	NA	NA	39.292
"YIR018C-A"	45	NA	-1.5	NA	NA	NA	NA	0
"YIR018W"	245	NA	-1.3	NA	NA	NA	42.8	28.919
"YIR021W"	363	0	-0.2	-8.5	37	0.405405405405405	17.5	17.206
"YIR021W-A"	70	NA	-3.2	NA	NA	NA	1.7	81.03
"YIR022W"	167	NA	-4.3	NA	NA	NA	NA	160.056
"YIR023W"	970	0	-2.8	-10.1	34	0.382352941176471	27.1	11.366
"YIR024C"	216	0	-1.1	-11	9	0.555555555555556	31.4	20.122
"YIR025W"	368	NA	-0.4	NA	NA	NA	35.2	8.208
"YIR026C"	364	NA	0	NA	NA	NA	31.9	45.906
"YIR027C"	460	NA	0	NA	NA	NA	NA	1.37
"YIR028W"	635	NA	-1.5	NA	NA	NA	66.7	0.919
"YIR029W"	343	NA	-1.8	NA	NA	NA	24.7	1.968
"YIR030C"	244	NA	0	NA	NA	NA	32.7	13.366
"YIR031C"	554	NA	-2.5	NA	NA	NA	47.6	0.477
"YIR032C"	195	NA	-3.9	NA	NA	NA	NA	2.058
"YIR033W"	1113	NA	-3.4	NA	NA	NA	22.9	26.264
"YIR034C"	373	0	0	-4.6	36	0.416666666666667	39.2	203.413
"YIR035C"	254	NA	-1.3	NA	NA	NA	NA	71.2
"YIR036C"	263	0	-0.9	-8.2	36	0.416666666666667	26.3	80.977
"YIR037W"	163	NA	-0.2	NA	NA	NA	NA	487.527
"YIR038C"	234	0	0	-10	28	0.392857142857143	30	143.988
"YIR039C"	537	NA	-0.9	NA	NA	NA	NA	2.655
"YIR042C"	236	NA	-0.1	NA	NA	NA	NA	0.215
"YJL001W"	215	NA	-0.3	NA	NA	NA	32.1	297.26
"YJL002C"	476	0	-0.9	-11.8	53	0.415094339622642	25.9	206.743
"YJL003W"	118	0	-0.8	-6.1	48	0.395833333333333	33.3	58.616
"YJL004C"	203	0	-0.6	-13	34	0.382352941176471	28.1	70.382
"YJL005W"	2026	0	-0.9	-10.8	145	0.36551724137931	22.9	18.602
"YJL006C"	323	NA	0	NA	NA	NA	32.2	28.208
"YJL008C"	568	0	-0.4	-10	44	0.363636363636364	25.5	181.66
"YJL010C"	666	0	-0.8	-8.3	47	0.382978723404255	17.7	44.976
"YJL011C"	161	NA	0	NA	NA	NA	NA	61.895
"YJL012C"	721	0	-0.8	-13.2	16	0.3125	27.7	98.226
"YJL013C"	515	NA	0	NA	NA	NA	NA	9.215
"YJL014W"	534	NA	-1.4	NA	NA	NA	27.9	183.781
"YJL016W"	561	NA	-3.2	NA	NA	NA	2	17.623
"YJL019W"	682	NA	-5.2	NA	NA	NA	NA	20.493
"YJL020C"	1157	0	-0.9	-9.9	93	0.354838709677419	20.6	91.051
"YJL023C"	347	NA	-2.5	NA	NA	NA	40.9	7.335
"YJL024C"	194	NA	0	NA	NA	NA	NA	62.536
"YJL025W"	514	NA	-0.1	NA	NA	NA	25.8	3.591
"YJL026W"	399	NA	0	NA	NA	NA	5.4	541.683
"YJL027C"	138	NA	0	NA	NA	NA	NA	0
"YJL029C"	822	0	-3.6	-7	2	1	29.4	18.175
"YJL030W"	196	0	-1.8	-8.2	39	0.41025641025641	29.1	42.749
"YJL031C"	327	NA	-1.3	NA	NA	NA	NA	34.691
"YJL033W"	770	0	-2.1	-3.1	27	0.37037037037037	30.9	40.968
"YJL034W"	682	0	0	-13.8	39	0.41025641025641	20	607.218
"YJL035C"	250	NA	-1.7	NA	NA	NA	27.3	15.107
"YJL036W"	423	0	-3	-10.3	120	0.358333333333333	32.1	33.06
"YJL037W"	224	NA	-1.6	NA	NA	NA	NA	3.167
"YJL038C"	219	NA	-1.5	NA	NA	NA	NA	0.231
"YJL039C"	1683	0	-2	-5.3	106	0.330188679245283	25.8	42.663
"YJL042W"	1398	0	-0.2	-3.3	79	0.367088607594937	29.7	29.4
"YJL043W"	257	NA	-4	NA	NA	NA	NA	0.398
"YJL044C"	458	1	-5.9	-15.9	38	0.394736842105263	36	35.554
"YJL045W"	634	NA	-3.3	NA	NA	NA	NA	2.008
"YJL046W"	409	NA	-1.2	NA	NA	NA	NA	13.684
"YJL047C"	842	NA	-2.9	NA	NA	NA	30.2	9.447
"YJL048C"	396	NA	0	NA	NA	NA	22.6	31.793
"YJL049W"	450	0	-2.6	-6.7	24	0.333333333333333	28.7	18.082
"YJL050W"	1073	NA	0	NA	NA	NA	23.6	84.731
"YJL051W"	822	0	-2.3	-8.8	76	0.381578947368421	29.7	11.359
"YJL053W"	379	NA	-0.5	NA	NA	NA	4.5	48.569
"YJL054W"	478	NA	-0.9	NA	NA	NA	29.6	36.207
"YJL055W"	245	0	-0.6	-10.34	15	0.333333333333333	30.3	163.109
"YJL056C"	880	NA	-1.3	NA	NA	NA	36.2	12.385
"YJL057C"	667	NA	-2.2	NA	NA	NA	29.5	11.228
"YJL058C"	543	0	-0.6	-8.4	46	0.391304347826087	28.8	8.463
"YJL059W"	408	NA	0	NA	NA	NA	NA	18.075
"YJL060W"	444	NA	-0.3	NA	NA	NA	48	106.711
"YJL061W"	713	NA	-3.7	NA	NA	NA	30.5	34.245
"YJL062W"	830	0	-2.2	-10.3	12	0.416666666666667	NA	42.115
"YJL062W-A"	85	0	0	-7.2	24	0.333333333333333	31.4	261.307
"YJL063C"	238	0	-2.1	-9.7	40	0.4	25.8	69.474
"YJL065C"	167	NA	-5.6	NA	NA	NA	28.8	51.87
"YJL066C"	252	0	-0.9	-5.6	39	0.41025641025641	33.2	45.388
"YJL068C"	299	NA	0	NA	NA	NA	7.7	158.316
"YJL069C"	594	0	-2.7	-7.3	7	0.714285714285714	27.6	41.186
"YJL070C"	888	NA	-1.1	NA	NA	NA	NA	8.665
"YJL071W"	574	0	-3.6	-12.5	46	0.391304347826087	27.9	14.193
"YJL072C"	213	0	-2.2	-9.2	38	0.394736842105263	28.2	54.281
"YJL073W"	645	NA	-1	NA	NA	NA	27.3	18.183
"YJL074C"	1230	0	-2.6	-7.4	24	0.333333333333333	23.5	21.441
"YJL076W"	1189	0	-1.3	-15.6	79	0.367088607594937	23.2	61.182
"YJL077C"	131	NA	-1.7	NA	NA	NA	NA	1.106
"YJL077W-B"	32	NA	-7.3	NA	NA	NA	NA	0
"YJL078C"	881	NA	0	NA	NA	NA	NA	77.08
"YJL079C"	299	0	-0.6	-6.8	165	0.381818181818182	37.7	216.261
"YJL080C"	1222	0	0	-7.8	191	0.387434554973822	23.1	442.529
"YJL081C"	489	0	-2.5	-7.7	55	0.4	28.9	41.987
"YJL082W"	731	0	0	-10.2	119	0.361344537815126	29.3	27.814
"YJL083W"	604	NA	-3.3	NA	NA	NA	15.2	9.297
"YJL084C"	1046	0	-0.2	-7.2	114	0.350877192982456	32.2	17.059
"YJL085W"	623	NA	-1.8	NA	NA	NA	31.5	21.532
"YJL087C"	827	NA	0	NA	NA	NA	NA	23.875
"YJL088W"	338	0	0	-1.8	27	0.37037037037037	21.3	159.173
"YJL089W"	829	NA	-1.4	NA	NA	NA	NA	0.515
"YJL090C"	764	0	-0.4	-3.6	12	0.416666666666667	21.2	5.718
"YJL091C"	490	0	0	-10.6	9	0.555555555555556	30.8	45.987
"YJL092W"	1174	NA	-2.5	NA	NA	NA	24.6	7.727
"YJL093C"	691	NA	0	NA	NA	NA	NA	7.231
"YJL094C"	873	NA	0	NA	NA	NA	30.9	15.053
"YJL095W"	1478	NA	0	NA	NA	NA	NA	7.066
"YJL096W"	161	NA	-0.7	NA	NA	NA	27.8	88.246
"YJL097W"	217	NA	-0.4	NA	NA	NA	28.8	190.808
"YJL098W"	1058	NA	-0.9	NA	NA	NA	NA	19.047
"YJL099W"	746	NA	-1.9	NA	NA	NA	NA	15.418
"YJL100W"	607	NA	0	NA	NA	NA	NA	6.11
"YJL101C"	678	0	0	-17.2	152	0.361842105263158	31.5	19.043
"YJL102W"	819	NA	0	NA	NA	NA	2.5	6.384
"YJL103C"	618	NA	0	NA	NA	NA	NA	3.002
"YJL104W"	149	0	-1.3	-7.1	45	0.377777777777778	30.1	140.643
"YJL105W"	560	NA	0	NA	NA	NA	21.7	0.189
"YJL106W"	645	NA	-1.9	NA	NA	NA	NA	0
"YJL107C"	387	NA	-2.3	NA	NA	NA	NA	9.845
"YJL108C"	383	NA	-2	NA	NA	NA	NA	0.136
"YJL109C"	1769	NA	-3.7	NA	NA	NA	27.5	42.437
"YJL110C"	551	0	0	-11.9	90	0.366666666666667	23.3	31.935
"YJL111W"	550	0	-4.9	-5.2	52	0.423076923076923	28.8	188.295
"YJL112W"	714	NA	-1.2	NA	NA	NA	35.3	11.474
"YJL115W"	279	0	0	-7.6	77	0.376623376623377	25.1	56.526
"YJL116C"	337	3	0	-11.1	364	0.406593406593407	12.6	7.696
"YJL117W"	311	0	-0.1	-15.5	71	0.394366197183099	4.2	117.628
"YJL118W"	219	NA	-0.4	NA	NA	NA	NA	7.392
"YJL121C"	238	0	-0.5	-7.8	13	0.384615384615385	28.3	351.217
"YJL122W"	175	0	0	-2.07	18	0.277777777777778	32.9	101.967
"YJL123C"	478	0	0	-17.6	9	0.555555555555556	25.7	93.874
"YJL124C"	172	NA	0	NA	NA	NA	3.7	208.041
"YJL125C"	383	0	-0.2	-6.6	53	0.415094339622642	33.6	33.78
"YJL126W"	307	0	0	-10.1	8	0.625	36.2	15.978
"YJL127C"	640	0	0	-3.4	69	0.376811594202899	32.7	10.031
"YJL127C-B"	52	NA	-3.2	NA	NA	NA	35.4	74.523
"YJL128C"	668	0	-2.7	-7.2	222	0.373873873873874	25.2	44.049
"YJL129C"	1235	1	-4.9	-7.7	288	0.385416666666667	27.1	6.611
"YJL130C"	2214	0	0	-1.6	116	0.353448275862069	24.1	336.737
"YJL131C"	356	NA	-1.4	NA	NA	NA	29	19.136
"YJL132W"	750	NA	-0.4	NA	NA	NA	NA	4.9
"YJL133C-A"	74	0	0	-4	30	0.4	31.6	545.79
"YJL133W"	314	1	0	-4.4	74	0.378378378378378	32.1	26.177
"YJL134W"	409	0	-0.6	-9.6	32	0.40625	29.3	57.807
"YJL136C"	87	0	0	-6.7	15	0.333333333333333	15.2	3364.537
"YJL136W-A"	27	NA	0	NA	NA	NA	NA	0
"YJL137C"	380	NA	-2	NA	NA	NA	NA	20.998
"YJL139C"	428	NA	0	NA	NA	NA	29.2	13.712
"YJL140W"	221	1	-0.5	-8.9	95	0.357894736842105	34.8	145.45
"YJL141C"	807	1	-3.2	-9.6	89	0.370786516853933	34.1	27.297
"YJL143W"	158	0	-1.4	-7.7	31	0.419354838709677	27.6	234.378
"YJL144W"	104	NA	0	NA	NA	NA	NA	16.693
"YJL145W"	294	NA	0	NA	NA	NA	NA	105.315
"YJL146W"	469	NA	0	NA	NA	NA	NA	22.418
"YJL147C"	382	NA	-2.5	NA	NA	NA	NA	9.559
"YJL148W"	233	0	-1.2	-9.2	58	0.396551724137931	35.6	156.557
"YJL149W"	663	0	0	-1.9	46	0.391304347826087	28.3	14.578
"YJL151C"	133	0	0	-4	34	0.382352941176471	27.8	454.305
"YJL153C"	533	NA	-6.9	NA	NA	NA	NA	28.226
"YJL154C"	944	1	0	-9.2	91	0.362637362637363	21.3	42.048
"YJL155C"	452	0	0	-4.5	129	0.348837209302326	32.7	21.141
"YJL156C"	699	NA	-4.7	NA	NA	NA	24.1	23.353
"YJL157C"	830	0	-2.8	-9	47	0.382978723404255	29.9	56.647
"YJL158C"	227	0	0	0	43	0.372093023255814	25.2	1808.773
"YJL160C"	287	NA	-2.6	NA	NA	NA	65.9	4.123
"YJL161W"	180	NA	-0.2	NA	NA	NA	29	20.484
"YJL162C"	583	2	-1	-11.4	69	0.376811594202899	35.5	8.897
"YJL163C"	555	NA	-4.4	NA	NA	NA	39.7	9.428
"YJL164C"	397	NA	-1.6	NA	NA	NA	14.1	48.166
"YJL165C"	855	0	0	-7.3	173	0.38728323699422	18.6	29.79
"YJL166W"	94	NA	0	NA	NA	NA	26.8	381.729
"YJL167W"	352	0	0	-5.9	57	0.385964912280702	27.1	571.461
"YJL168C"	733	0	-1.2	-12.4	94	0.361702127659574	30	31.879
"YJL170C"	209	NA	0	NA	NA	NA	28.3	43.905
"YJL171C"	396	0	0	-7.4	39	0.41025641025641	29.4	248.933
"YJL172W"	576	NA	0	NA	NA	NA	40.4	322.133
"YJL173C"	122	NA	0	NA	NA	NA	24.9	180.198
"YJL174W"	276	0	-2.8	-11.5	116	0.353448275862069	32.5	242.185
"YJL176C"	825	NA	-2.9	NA	NA	NA	33.6	35.509
"YJL177W"	184	0	0	-4.5	22	0.363636363636364	26.2	1828.226
"YJL178C"	271	0	-1.1	-7.4	17	0.294117647058824	23.3	134.173
"YJL179W"	109	NA	0	NA	NA	NA	NA	129.527
"YJL180C"	325	NA	0	NA	NA	NA	28.2	26.29
"YJL181W"	611	0	-0.5	-10.8	23	0.347826086956522	23.7	11.362
"YJL183W"	422	0	-4.9	-11.6	66	0.393939393939394	17.8	94.441
"YJL184W"	123	0	-1.3	-9.6	44	0.363636363636364	25.8	106.799
"YJL185C"	293	NA	-1.1	NA	NA	NA	NA	12.482
"YJL186W"	586	0	0	-6.6	30	0.4	23.9	130.075
"YJL187C"	819	0	0	-5.9	94	0.361702127659574	30.2	9.381
"YJL189W"	51	0	0	-5	27	0.37037037037037	24.8	4761.933
"YJL190C"	130	0	0	-7.9	17	0.294117647058824	21.7	5391.312
"YJL192C"	234	0	-0.7	-9.5	7	0.714285714285714	24.1	204.798
"YJL193W"	402	0	-1	-10.5	8	0.625	37.2	19.634
"YJL194W"	513	NA	-1.3	NA	NA	NA	NA	18.089
"YJL196C"	310	0	-5.4	-12.9	24	0.333333333333333	28	256.641
"YJL197W"	1254	0	-4	-14.3	55	0.4	25.1	21.122
"YJL198W"	881	NA	-3.5	NA	NA	NA	30.7	36.933
"YJL200C"	789	NA	-2.8	NA	NA	NA	39.3	85.476
"YJL201W"	599	0	-3.2	-11.5	4	0.75	25.4	24.847
"YJL203W"	280	NA	-5.2	NA	NA	NA	36.1	27.892
"YJL204C"	840	0	-0.3	-11.9	16	0.3125	29.2	21.352
"YJL205C"	53	NA	-2	NA	NA	NA	NA	79.705
"YJL206C"	758	NA	0	NA	NA	NA	41.7	5.271
"YJL207C"	2014	NA	-1.5	NA	NA	NA	0.1	14.343
"YJL208C"	329	0	0	-18.1	1	1	26.8	43.625
"YJL209W"	654	NA	-1.8	NA	NA	NA	NA	7.63
"YJL210W"	271	0	0	-13	53	0.415094339622642	34.2	30.657
"YJL212C"	799	0	0	-9	29	0.379310344827586	24.6	35.84
"YJL213W"	331	8	-2.4	-4.9	344	0.406976744186047	55.1	0.157
"YJL214W"	569	NA	-1.8	NA	NA	NA	NA	2.138
"YJL216C"	581	NA	0	NA	NA	NA	NA	0
"YJL217W"	198	0	0	-8.4	8	0.625	26.4	123.756
"YJL218W"	196	NA	-1.5	NA	NA	NA	30.7	18.175
"YJR001W"	602	0	0	-8	43	0.372093023255814	25.7	77.435
"YJR002W"	593	0	-2.8	-10.2	31	0.419354838709677	28.3	49.736
"YJR003C"	519	0	-0.7	-12.4	2	1	31.5	21.139
"YJR004C"	650	0	-0.2	-6.2	49	0.408163265306122	45.1	1.307
"YJR005C-A"	93	NA	-0.8	NA	NA	NA	NA	0
"YJR005W"	700	0	-0.5	-12.6	58	0.396551724137931	22.8	23.244
"YJR006W"	487	0	-3.8	-12.1	9	0.555555555555556	36.1	25.616
"YJR007W"	304	NA	0	NA	NA	NA	NA	390.636
"YJR008W"	338	NA	-0.1	NA	NA	NA	30.4	19.187
"YJR010C-A"	94	0	0	-6.7	31	0.419354838709677	44.2	153.97
"YJR010W"	511	NA	0	NA	NA	NA	NA	53.648
"YJR011C"	261	0	-0.6	-5.4	46	0.391304347826087	42.6	20.782
"YJR012C"	207	NA	0	NA	NA	NA	1.3	25.556
"YJR013W"	403	NA	0	NA	NA	NA	NA	37.748
"YJR014W"	198	0	-0.7	-10.2	13	0.384615384615385	32.8	230.52
"YJR015W"	510	NA	0	NA	NA	NA	18.3	102.848
"YJR016C"	585	0	-1.5	-11.5	16	0.3125	24.8	1166.2
"YJR017C"	170	0	-2.7	-14.1	23	0.347826086956522	28.4	147.568
"YJR019C"	349	NA	0	NA	NA	NA	28.8	23.969
"YJR021C"	314	0	-4.7	-10.9	27	0.37037037037037	47.2	14.323
"YJR022W"	109	0	-1.9	-4.2	29	0.379310344827586	33.3	41.587
"YJR024C"	244	NA	-1	NA	NA	NA	NA	87.924
"YJR025C"	177	NA	0	NA	NA	NA	5.4	395.783
"YJR030C"	745	NA	-1.7	NA	NA	NA	15.1	9.72
"YJR031C"	1408	NA	0	NA	NA	NA	NA	18.418
"YJR032W"	393	NA	0	NA	NA	NA	NA	53.952
"YJR033C"	1357	NA	-2	NA	NA	NA	6.4	13.91
"YJR034W"	108	0	-4.8	-5.6	68	0.382352941176471	23.7	64.191
"YJR035W"	1085	NA	0	NA	NA	NA	NA	6.869
"YJR036C"	892	NA	-0.8	NA	NA	NA	50.6	1.857
"YJR039W"	1121	NA	-3.5	NA	NA	NA	NA	3.302
"YJR040W"	779	1	0	-8.5	56	0.392857142857143	27.1	30.857
"YJR041C"	1174	NA	-6	NA	NA	NA	NA	22.906
"YJR042W"	744	0	-5.1	-11.2	24	0.333333333333333	24.6	43.799
"YJR043C"	350	NA	-0.1	NA	NA	NA	33.5	26.279
"YJR044C"	140	NA	0	NA	NA	NA	29.3	198.065
"YJR045C"	654	0	0	-5.3	140	0.35	23.5	1400.775
"YJR046W"	604	NA	-3.2	NA	NA	NA	12.5	21.051
"YJR048W"	109	0	0	-2.3	47	0.382978723404255	30.6	172.847
"YJR049C"	530	0	-4.3	-5.9	19	0.263157894736842	29.7	35.551
"YJR050W"	235	0	-1.4	-7.6	24	0.333333333333333	26.1	33.529
"YJR051W"	501	NA	-1.9	NA	NA	NA	34.1	52.266
"YJR052W"	565	0	-0.4	-4.2	7	0.714285714285714	25.3	16.753
"YJR053W"	574	NA	-1.6	NA	NA	NA	NA	11.06
"YJR054W"	497	NA	-0.1	NA	NA	NA	23.8	8.69
"YJR055W"	164	0	0	-9	11	0.454545454545455	20.7	18.079
"YJR056C"	236	0	-0.2	-11.5	167	0.383233532934132	30.5	26.07
"YJR057W"	216	0	-4.7	-9.2	11	0.454545454545455	31.3	40.244
"YJR058C"	147	0	-0.9	-13.8	39	0.41025641025641	32.7	60.204
"YJR059W"	818	0	-0.1	-8.1	73	0.383561643835616	24.3	40.503
"YJR060W"	351	NA	0	NA	NA	NA	NA	83.805
"YJR061W"	935	NA	0	NA	NA	NA	26.5	2.631
"YJR062C"	457	0	-4.9	-12.3	18	0.277777777777778	35.6	27.239
"YJR063W"	125	0	-0.3	-12.3	29	0.379310344827586	26.8	178.304
"YJR064W"	562	0	0	-8.8	37	0.405405405405405	21.3	235.85
"YJR065C"	449	0	-2.3	-9.6	27	0.37037037037037	29.7	209.611
"YJR066W"	2470	NA	-3.4	NA	NA	NA	NA	10.705
"YJR067C"	141	NA	0	NA	NA	NA	18.7	54.209
"YJR068W"	353	NA	-3	NA	NA	NA	23.3	67.006
"YJR069C"	197	0	-1.6	-6.5	34	0.382352941176471	31.6	203.063
"YJR070C"	325	0	0	-4.5	53	0.415094339622642	27.3	309.426
"YJR072C"	385	NA	0	NA	NA	NA	26.8	89.045
"YJR073C"	206	0	-1.3	-6.1	25	0.36	27.7	698.986
"YJR074W"	218	NA	-4.3	NA	NA	NA	NA	106.481
"YJR075W"	396	0	-1.4	-9.2	50	0.42	29.1	124.664
"YJR076C"	415	0	-1.9	-9.5	65	0.4	32.1	101.9
"YJR077C"	311	0	-1.2	-8.5	27	0.37037037037037	24.1	440.939
"YJR078W"	453	NA	-0.1	NA	NA	NA	NA	6.375
"YJR079W"	109	NA	-3.9	NA	NA	NA	NA	0
"YJR080C"	394	NA	-0.4	NA	NA	NA	29.7	44.143
"YJR082C"	113	2	-1.4	-6	141	0.354609929078014	30.3	62.136
"YJR083C"	309	0	-0.1	-5.2	42	0.380952380952381	34.1	22.734
"YJR084W"	423	NA	-1.9	NA	NA	NA	34.4	16.963
"YJR085C"	105	0	-2.3	-10.5	14	0.357142857142857	30.8	411.648
"YJR086W"	110	0	0	-1.1	14	0.357142857142857	26.4	199.418
"YJR088C"	292	0	0	-5.6	51	0.411764705882353	35.9	141.624
"YJR089W"	954	NA	-2	NA	NA	NA	47.6	8.188
"YJR090C"	1151	NA	-3.3	NA	NA	NA	26.7	17.157
"YJR091C"	1091	NA	-0.9	NA	NA	NA	3.7	34.895
"YJR092W"	1447	NA	0	NA	NA	NA	NA	39.871
"YJR093C"	327	0	-0.4	-4.6	86	0.383720930232558	32.2	40.394
"YJR094C"	360	NA	0	NA	NA	NA	NA	12.285
"YJR094W-A"	92	0	0	-9	21	0.333333333333333	22.8	2211.791
"YJR095W"	322	NA	0	NA	NA	NA	NA	1.125
"YJR096W"	282	NA	-1.6	NA	NA	NA	NA	44.839
"YJR097W"	172	0	-2.2	-10	106	0.330188679245283	27	30.297
"YJR098C"	656	NA	-2.9	NA	NA	NA	NA	8.336
"YJR099W"	236	NA	-0.7	NA	NA	NA	21	56.019
"YJR100C"	327	0	-0.3	-12.5	7	0.714285714285714	32.5	25.979
"YJR101W"	266	NA	-6.8	NA	NA	NA	30.2	61.051
"YJR102C"	202	NA	-5	NA	NA	NA	2.5	34.605
"YJR103W"	578	NA	-0.4	NA	NA	NA	29.3	51.357
"YJR104C"	154	0	0	-3.6	44	0.363636363636364	25.3	4012.108
"YJR105W"	340	0	0	-5.9	33	0.393939393939394	21	1103.076
"YJR106W"	725	NA	0	NA	NA	NA	35	7.707
"YJR107W"	328	NA	-5.4	NA	NA	NA	NA	0
"YJR108W"	123	NA	0	NA	NA	NA	NA	3.118
"YJR109C"	1118	NA	0	NA	NA	NA	4.8	418.559
"YJR110W"	688	NA	-1.2	NA	NA	NA	29.8	8.653
"YJR111C"	283	NA	0	NA	NA	NA	37.7	36.333
"YJR112W"	201	0	0	-10.4	20	0.3	34.1	35.264
"YJR112W-A"	109	NA	0	NA	NA	NA	0.6	38.988
"YJR113C"	247	NA	-2.1	NA	NA	NA	33.6	54.714
"YJR116W"	279	NA	-1.8	NA	NA	NA	NA	25.041
"YJR117W"	453	0	-2.8	-6.4	31	0.419354838709677	23.8	158.449
"YJR118C"	203	0	-0.2	-3.3	39	0.41025641025641	27.3	124.656
"YJR119C"	728	0	0	-9.2	10	0.5	36.5	8.042
"YJR120W"	116	NA	-0.2	NA	NA	NA	NA	83.71
"YJR121W"	511	NA	0	NA	NA	NA	0.4	643.466
"YJR122W"	497	NA	-4.7	NA	NA	NA	42.2	13.99
"YJR123W"	225	0	0	-3	37	0.405405405405405	19.5	7414.585
"YJR124C"	448	NA	0	NA	NA	NA	37.7	26.712
"YJR125C"	408	0	-0.7	-6.4	61	0.409836065573771	29.3	147.677
"YJR126C"	811	NA	-0.5	NA	NA	NA	NA	27.362
"YJR127C"	1380	NA	-1.6	NA	NA	NA	NA	13.058
"YJR129C"	339	0	-2.9	-5.9	47	0.382978723404255	18	10.714
"YJR130C"	639	2	0	-6	77	0.376623376623377	36	25.988
"YJR131W"	549	NA	0	NA	NA	NA	29.9	34.357
"YJR132W"	1048	0	-0.4	-8.3	62	0.403225806451613	30.7	26.742
"YJR133W"	209	NA	-1.1	NA	NA	NA	NA	112.657
"YJR135C"	239	0	-0.3	-11.4	1	1	41.8	10.221
"YJR135W-A"	87	NA	0	NA	NA	NA	NA	291.975
"YJR136C"	421	NA	0	NA	NA	NA	26.4	11.817
"YJR137C"	1442	0	-0.4	-8.7	44	0.363636363636364	30.5	76.583
"YJR138W"	1584	NA	-1.6	NA	NA	NA	27.5	7.55
"YJR139C"	359	0	0	-6.3	65	0.4	21.5	891.214
"YJR140C"	1648	NA	0	NA	NA	NA	23.4	8.961
"YJR141W"	347	NA	0	NA	NA	NA	18.1	8.383
"YJR142W"	342	NA	-4.3	NA	NA	NA	NA	51.454
"YJR143C"	762	NA	-3.7	NA	NA	NA	22.4	190.932
"YJR144W"	269	NA	-2	NA	NA	NA	25.5	99.286
"YJR147W"	358	0	-7.6	-19.9	37	0.405405405405405	35.3	10.026
"YJR148W"	376	0	-1.6	-5.3	25	0.36	23.8	260.226
"YJR149W"	404	0	0	-13.1	103	0.339805825242718	34.4	4.012
"YJR150C"	298	NA	-0.8	NA	NA	NA	NA	0.173
"YJR152W"	543	NA	0	NA	NA	NA	NA	0
"YJR153W"	361	NA	-3.7	NA	NA	NA	NA	0
"YJR154W"	346	NA	-0.5	NA	NA	NA	NA	1.801
"YJR155W"	288	NA	-2.8	NA	NA	NA	NA	0
"YKL001C"	202	0	0	-8.2	45	0.377777777777778	31.3	120.745
"YKL002W"	232	0	-1.7	-15.5	41	0.390243902439024	28.5	87.132
"YKL003C"	131	NA	0	NA	NA	NA	22.7	103.962
"YKL004W"	401	NA	0	NA	NA	NA	3.6	91.369
"YKL005C"	594	0	-0.4	-14.4	99	0.353535353535354	40.8	18.275
"YKL006C-A"	97	NA	0	NA	NA	NA	13.1	90.998
"YKL007W"	268	0	-0.5	-6.3	30	0.4	31.7	170.775
"YKL008C"	418	NA	-1	NA	NA	NA	35.5	129.126
"YKL009W"	236	0	-2.4	-3.1	37	0.405405405405405	29.7	208.778
"YKL010C"	1483	NA	0	NA	NA	NA	NA	23.087
"YKL011C"	353	0	-1.6	-6.9	4	0.75	38.9	10.75
"YKL012W"	583	0	-2.7	-18.3	61	0.409836065573771	30.3	15.978
"YKL013C"	171	NA	0	NA	NA	NA	24.8	265.136
"YKL014C"	1764	NA	-0.9	NA	NA	NA	1.8	27.79
"YKL015W"	979	0	-0.6	-7.1	99	0.353535353535354	31.8	10.662
"YKL016C"	174	0	0	-5.4	72	0.388888888888889	24.1	304.649
"YKL017C"	683	0	0	-10	9	0.555555555555556	31.2	10.893
"YKL018C-A"	99	NA	-0.2	NA	NA	NA	3.6	52.713
"YKL018W"	329	NA	0	NA	NA	NA	36.6	43.625
"YKL019W"	316	NA	-1.8	NA	NA	NA	50.2	46.311
"YKL020C"	1082	0	-2.7	-14.3	28	0.392857142857143	34.6	20.712
"YKL021C"	468	NA	0	NA	NA	NA	NA	59.98
"YKL022C"	840	NA	-3.8	NA	NA	NA	NA	17.73
"YKL023W"	277	0	-1.4	-8.2	28	0.392857142857143	36.6	38.002
"YKL024C"	204	NA	-0.6	NA	NA	NA	5.9	265.698
"YKL025C"	679	0	-1.5	-10.5	35	0.4	33.6	42.414
"YKL026C"	167	NA	0	NA	NA	NA	NA	3.26
"YKL027W"	447	0	0	-6.5	58	0.396551724137931	33.9	38.628
"YKL028W"	482	NA	-7.5	NA	NA	NA	NA	33.515
"YKL029C"	669	0	-2.5	-5	50	0.42	21.2	191.344
"YKL032C"	597	NA	-2.4	NA	NA	NA	NA	77.267
"YKL033W"	1038	0	-3.9	-10.3	7	0.714285714285714	34.1	10.014
"YKL033W-A"	236	0	-0.6	-11.1	77	0.376623376623377	30.2	248.854
"YKL034W"	758	0	-1.7	-5.9	92	0.358695652173913	30.5	29.445
"YKL035W"	499	NA	-0.9	NA	NA	NA	NA	557.304
"YKL037W"	118	NA	-5.5	NA	NA	NA	NA	0
"YKL038W"	1170	NA	0	NA	NA	NA	32.4	9.359
"YKL039W"	523	0	-2.9	-9	169	0.384615384615385	30.3	131.138
"YKL040C"	256	0	-0.6	-5.7	77	0.376623376623377	34.1	107.014
"YKL041W"	224	NA	-0.6	NA	NA	NA	6.2	58.36
"YKL042W"	363	0	-0.2	-6.9	139	0.352517985611511	23.6	29.681
"YKL043W"	366	NA	-1	NA	NA	NA	NA	23.046
"YKL045W"	528	0	0	-7.7	68	0.382352941176471	34.1	33.383
"YKL046C"	449	NA	-0.9	NA	NA	NA	24	115.853
"YKL047W"	516	NA	-3.6	NA	NA	NA	25.6	29.434
"YKL048C"	640	NA	-2.5	NA	NA	NA	NA	9.782
"YKL049C"	229	0	0	-2.6	45	0.377777777777778	32	36.342
"YKL050C"	922	NA	0	NA	NA	NA	NA	0.29
"YKL051W"	353	NA	0	NA	NA	NA	NA	68.625
"YKL052C"	292	0	-4.4	-5.7	24	0.333333333333333	33	29.983
"YKL053C-A"	86	NA	0	NA	NA	NA	NA	159.605
"YKL054C"	738	0	0	-0.3	111	0.333333333333333	21.6	308.239
"YKL055C"	278	0	-3.7	-17.6	29	0.379310344827586	54.4	14.226
"YKL056C"	167	0	0	-4	40	0.4	24.4	5101.947
"YKL057C"	1037	0	0	-5.7	31	0.419354838709677	23.9	43.968
"YKL058W"	122	0	-0.5	-7.1	31	0.419354838709677	29.6	137.799
"YKL059C"	441	0	-1.3	-14.5	61	0.409836065573771	27.9	23.79
"YKL060C"	359	0	0	-4.6	25	0.36	19.4	19544.114
"YKL061W"	113	NA	-0.5	NA	NA	NA	28.6	40.724
"YKL062W"	630	NA	0	NA	NA	NA	NA	44.786
"YKL063C"	167	0	-1	-13	158	0.367088607594937	38.9	100.48
"YKL064W"	969	1	0	-13.1	209	0.382775119617225	41.4	24.246
"YKL065C"	206	0	0	-5.5	37	0.405405405405405	26.1	212.459
"YKL065W-A"	73	NA	-0.6	NA	NA	NA	NA	5.464
"YKL067W"	153	0	0	-7.2	20	0.3	32.3	466.849
"YKL068W"	959	0	-9.2	-7.4	121	0.355371900826446	33.2	46.534
"YKL068W-A"	78	0	0	-1.05	46	0.391304347826087	40.4	99.485
"YKL069W"	180	0	0	-7.9	9	0.555555555555556	26.2	97.436
"YKL070W"	169	NA	-3.1	NA	NA	NA	NA	0
"YKL071W"	256	NA	0	NA	NA	NA	NA	0
"YKL072W"	766	NA	0	NA	NA	NA	NA	11.198
"YKL073W"	881	NA	-3.1	NA	NA	NA	25.5	61.797
"YKL074C"	527	NA	0	NA	NA	NA	39.4	18.825
"YKL075C"	450	NA	-1.7	NA	NA	NA	1.4	17.148
"YKL077W"	392	0	-7.7	-13.6	53	0.415094339622642	28.6	200.882
"YKL078W"	735	0	-3.8	-12.4	34	0.382352941176471	31.2	13.181
"YKL079W"	656	0	-2.1	-8.1	57	0.385964912280702	23.1	19.504
"YKL080W"	392	0	-0.5	-9.4	106	0.330188679245283	33.4	412.022
"YKL081W"	412	0	-3	-3.1	4	0.75	22.1	1942.15
"YKL082C"	434	0	-1.2	-8	66	0.393939393939394	10.4	62.573
"YKL084W"	116	0	0	-12	27	0.37037037037037	26.5	108.741
"YKL085W"	334	0	0	-11.4	137	0.357664233576642	25.6	240.628
"YKL086W"	127	NA	0	NA	NA	NA	NA	13.262
"YKL087C"	224	NA	0	NA	NA	NA	28.5	55.872
"YKL088W"	571	0	-1.3	-5.2	30	0.4	32.9	36.869
"YKL089W"	549	NA	-0.5	NA	NA	NA	33.5	14.628
"YKL091C"	310	NA	0	NA	NA	NA	31.7	44.162
"YKL092C"	1104	0	-1.9	-12.8	77	0.376623376623377	31.8	11.853
"YKL093W"	339	NA	-0.3	NA	NA	NA	NA	2.143
"YKL094W"	313	0	0	-5.9	19	0.263157894736842	30.9	102.878
"YKL095W"	278	0	-3.3	-6.6	86	0.383720930232558	NA	16.258
"YKL096C-B"	49	NA	-2.7	NA	NA	NA	NA	0
"YKL096W"	239	0	0	-0.4	48	0.395833333333333	25.4	665.404
"YKL096W-A"	92	NA	0	NA	NA	NA	0.4	11009.86
"YKL098W"	357	1	-1.1	-10.5	16	0.3125	40.5	12.821
"YKL099C"	250	NA	-0.5	NA	NA	NA	31.4	73.288
"YKL100C"	587	1	-3.6	-7.5	24	0.333333333333333	36.2	82.154
"YKL101W"	1518	0	0	-9.7	270	0.366666666666667	24.6	22.88
"YKL103C"	514	0	0	-5.7	46	0.391304347826087	23.2	139.722
"YKL104C"	717	0	0	-5.6	203	0.38423645320197	24.7	177.563
"YKL105C"	1132	NA	-2.3	NA	NA	NA	NA	12.654
"YKL106W"	451	NA	-4.9	NA	NA	NA	NA	43.536
"YKL107W"	309	NA	-1.3	NA	NA	NA	NA	1.003
"YKL108W"	453	0	-1.6	-9.6	21	0.333333333333333	37.7	14.025
"YKL109W"	554	NA	0	NA	NA	NA	NA	21.273
"YKL110C"	313	1	-1.8	-8.8	60	0.4	24.5	64.897
"YKL112W"	731	0	-1	-7.1	87	0.379310344827586	30.7	55.628
"YKL113C"	382	0	-1.7	-4.6	27	0.37037037037037	29.4	42.331
"YKL114C"	367	NA	-0.8	NA	NA	NA	32.2	67.682
"YKL116C"	518	NA	-3.6	NA	NA	NA	NA	20.364
"YKL117W"	216	0	0	-5.5	57	0.385964912280702	23.5	882.098
"YKL119C"	215	NA	0	NA	NA	NA	27.5	62.037
"YKL120W"	324	0	-0.9	-4.7	91	0.362637362637363	32	334.624
"YKL121W"	852	NA	-1.8	NA	NA	NA	NA	6.392
"YKL122C"	167	0	-0.8	-8.3	26	0.384615384615385	28.5	179.322
"YKL124W"	579	NA	-2.2	NA	NA	NA	5.6	14.166
"YKL125W"	627	0	-2.7	-6.1	92	0.358695652173913	22.4	24.273
"YKL126W"	680	NA	-0.3	NA	NA	NA	NA	71.813
"YKL127W"	570	0	-0.5	-6	26	0.384615384615385	25.6	139.098
"YKL128C"	295	NA	-3.3	NA	NA	NA	26.6	97.641
"YKL129C"	1272	NA	-1.6	NA	NA	NA	28.4	25.769
"YKL130C"	246	NA	0	NA	NA	NA	36.2	77.099
"YKL132C"	430	0	0	-7.2	40	0.4	36.8	1.341
"YKL133C"	463	NA	-0.6	NA	NA	NA	NA	3.405
"YKL134C"	772	0	-1.1	-6.7	53	0.415094339622642	21.1	13.184
"YKL135C"	726	0	-1.1	-8.5	86	0.383720930232558	33.3	38.85
"YKL137W"	111	NA	-0.6	NA	NA	NA	NA	110.015
"YKL138C"	131	0	-1	-7.1	59	0.406779661016949	23	128.294
"YKL138C-A"	69	NA	-0.2	NA	NA	NA	27.8	102.311
"YKL140W"	548	NA	-2.8	NA	NA	NA	NA	39.142
"YKL141W"	198	0	0	-8.4	28	0.392857142857143	29.1	237.621
"YKL142W"	219	NA	0	NA	NA	NA	30.5	330.099
"YKL143W"	463	NA	0	NA	NA	NA	24.3	49.37
"YKL144C"	212	NA	0	NA	NA	NA	28.2	59.518
"YKL145W"	467	0	0	-4.9	24	0.333333333333333	26.3	259.664
"YKL146W"	692	0	-1.8	-13.3	20	0.3	34.6	37.718
"YKL148C"	640	0	0	-2	153	0.366013071895425	27.6	46.342
"YKL149C"	405	NA	-3.7	NA	NA	NA	NA	15.105
"YKL150W"	302	NA	0	NA	NA	NA	42.3	168.954
"YKL151C"	337	NA	-3.9	NA	NA	NA	26.4	58.646
"YKL152C"	247	0	0	-6	24	0.333333333333333	23.9	13276.152
"YKL154W"	244	NA	-0.6	NA	NA	NA	5.7	69.545
"YKL155C"	628	0	-2.7	-11.4	42	0.380952380952381	23.2	17.902
"YKL156W"	82	NA	0	NA	NA	NA	22.5	1582.408
"YKL157W"	952	0	-1	-7.9	38	0.394736842105263	23.5	184.336
"YKL159C"	211	0	0	-1.5	50	0.42	33.2	24.868
"YKL160W"	145	0	0	-4.6	9	0.555555555555556	22.8	210.46
"YKL161C"	433	NA	-1.5	NA	NA	NA	38.4	1.09
"YKL162C"	402	NA	-1.5	NA	NA	NA	NA	8.192
"YKL165C"	919	0	-0.5	-8.8	30	0.4	17.6	49.222
"YKL166C"	398	0	-2.7	-11.5	155	0.367741935483871	27	37.547
"YKL167C"	137	0	0	-9.2	21	0.333333333333333	41.1	98.132
"YKL168C"	724	0	-5.8	-7.4	11	0.454545454545455	30.2	12.201
"YKL170W"	138	0	-0.9	-13.2	74	0.378378378378378	34.2	86.586
"YKL171W"	928	0	-3.1	-8.2	90	0.366666666666667	28	6.051
"YKL172W"	427	0	0	-4.4	36	0.416666666666667	25.1	128.715
"YKL173W"	1008	NA	-1.1	NA	NA	NA	0.8	20.295
"YKL174C"	618	1	0	-6.3	105	0.333333333333333	32.8	28.392
"YKL175W"	503	0	-0.7	-9.6	31	0.419354838709677	27.6	79.197
"YKL176C"	828	1	0	-8.7	343	0.408163265306122	37.8	9.152
"YKL178C"	470	NA	-1.2	NA	NA	NA	NA	3.58
"YKL179C"	679	NA	-4.2	NA	NA	NA	NA	30.519
"YKL180W"	184	0	0	-6.3	22	0.363636363636364	21.4	3992.853
"YKL181W"	427	NA	-1.4	NA	NA	NA	NA	192.888
"YKL182W"	2051	1	0	-7	325	0.4	24	856.946
"YKL183C-A"	70	NA	-1.3	NA	NA	NA	NA	0
"YKL183W"	306	NA	0	NA	NA	NA	30.6	26.32
"YKL184W"	466	0	-0.9	-10.2	153	0.366013071895425	39.6	144.82
"YKL185W"	588	NA	-4.1	NA	NA	NA	41.6	71.755
"YKL186C"	184	0	0	-5.8	51	0.411764705882353	0.1	87.898
"YKL187C"	750	NA	0	NA	NA	NA	NA	0.284
"YKL188C"	853	NA	0	NA	NA	NA	NA	0.939
"YKL189W"	399	0	0	-12	100	0.35	30.7	21.741
"YKL190W"	175	1	-0.9	-13.7	39	0.41025641025641	25.5	167.577
"YKL191W"	534	0	-0.8	-13.4	28	0.392857142857143	24.5	49.43
"YKL192C"	125	NA	-1.2	NA	NA	NA	30.1	719.747
"YKL193C"	338	0	-0.9	-7	43	0.372093023255814	23.5	78.435
"YKL194C"	462	0	-4.4	-15.3	27	0.37037037037037	26.4	19.107
"YKL195W"	403	0	0	-11.4	52	0.423076923076923	26.5	116.748
"YKL196C"	200	0	-1.5	-8.3	48	0.395833333333333	24.8	289.95
"YKL197C"	1043	NA	-2.1	NA	NA	NA	0.8	12.073
"YKL198C"	662	NA	-0.5	NA	NA	NA	NA	10.267
"YKL201C"	1178	NA	0	NA	NA	NA	NA	7.382
"YKL203C"	2474	NA	0	NA	NA	NA	NA	9.158
"YKL204W"	632	0	-2.2	-5.2	36	0.416666666666667	26.5	63.531
"YKL205W"	1100	0	-0.8	-10.5	41	0.390243902439024	24.4	30.811
"YKL206C"	267	0	-0.2	-8.1	36	0.416666666666667	26.3	58.725
"YKL207W"	253	NA	-1.7	NA	NA	NA	31	166.749
"YKL208W"	271	NA	0	NA	NA	NA	34.5	20.817
"YKL209C"	1290	NA	-1.8	NA	NA	NA	2.9	82.95
"YKL210W"	1024	0	0	-2.6	50	0.42	22.3	418.807
"YKL211C"	484	0	0	-8.4	21	0.333333333333333	26.1	186.694
"YKL212W"	623	NA	0	NA	NA	NA	1.4	237.614
"YKL213C"	715	1	-1.4	-8	39	0.41025641025641	28.7	51.339
"YKL214C"	203	NA	-1.5	NA	NA	NA	NA	94.669
"YKL215C"	1286	0	-1	-5.5	74	0.378378378378378	27.1	31.092
"YKL216W"	314	0	0	-2.2	43	0.372093023255814	23.6	1422.602
"YKL217W"	616	NA	0	NA	NA	NA	NA	2.065
"YKL218C"	326	NA	-3.1	NA	NA	NA	NA	60.052
"YKL219W"	407	NA	-2.4	NA	NA	NA	NA	25.699
"YKL220C"	711	NA	0	NA	NA	NA	NA	0.524
"YKL221W"	473	NA	-0.7	NA	NA	NA	NA	0.222
"YKL222C"	705	NA	0	NA	NA	NA	50.7	1.961
"YKR001C"	704	0	0	-6.8	43	0.372093023255814	25.3	232.889
"YKR002W"	568	NA	0	NA	NA	NA	35.2	35.289
"YKR003W"	448	2	0	-9	90	0.366666666666667	30.7	62.913
"YKR004C"	377	NA	-1.2	NA	NA	NA	29.5	11.616
"YKR005C"	525	NA	-1.1	NA	NA	NA	NA	1.508
"YKR006C"	264	1	-0.6	-13.3	5	0.6	33.2	73.706
"YKR007W"	184	NA	-5.5	NA	NA	NA	NA	42.05
"YKR008W"	625	NA	0	NA	NA	NA	23.2	53.704
"YKR009C"	900	NA	-1.7	NA	NA	NA	NA	3.623
"YKR010C"	771	NA	-2	NA	NA	NA	26.3	14.929
"YKR011C"	353	0	0	-7.6	109	0.330275229357798	32.1	51.985
"YKR013W"	329	0	0	-0.5	51	0.411764705882353	33.3	269.465
"YKR014C"	234	0	0	-9.1	144	0.361111111111111	34.7	180.908
"YKR015C"	568	NA	-4	NA	NA	NA	NA	0
"YKR016W"	540	NA	0	NA	NA	NA	27.3	48.506
"YKR017C"	551	0	-3	-3.4	108	0.324074074074074	42.9	7.001
"YKR018C"	725	0	-4.2	-10.7	29	0.379310344827586	27.3	85.512
"YKR019C"	615	0	0	-7.7	83	0.36144578313253	36.5	9.652
"YKR020W"	164	0	-1.1	-10.5	18	0.277777777777778	37.5	33.447
"YKR021W"	915	NA	-2.7	NA	NA	NA	NA	9.758
"YKR022C"	322	1	-1.4	-10.1	57	0.385964912280702	31.9	11.895
"YKR023W"	530	NA	-1.3	NA	NA	NA	NA	14.938
"YKR024C"	742	NA	0	NA	NA	NA	17.9	25.186
"YKR025W"	282	0	-1.6	-7.7	32	0.40625	24	67.988
"YKR026C"	305	NA	-3.4	NA	NA	NA	NA	79.204
"YKR027W"	765	NA	-1.6	NA	NA	NA	NA	11.909
"YKR028W"	1033	NA	0	NA	NA	NA	33.7	29.199
"YKR029C"	751	0	-2.1	-9.3	22	0.363636363636364	31.6	23.686
"YKR030W"	273	0	0	-7.1	53	0.415094339622642	26.4	45.481
"YKR031C"	1683	0	0	-5.9	96	0.364583333333333	18.9	9.609
"YKR034W"	269	NA	-2	NA	NA	NA	NA	0
"YKR035W-A"	204	0	-2.9	-10.7	18	0.277777777777778	22.3	93.5
"YKR036C"	643	0	-1.8	-15.3	31	0.419354838709677	31.9	9.408
"YKR037C"	295	0	0	-4.5	35	0.4	28.9	18.34
"YKR038C"	386	1	-8.1	-11.5	19	0.263157894736842	31.2	54.484
"YKR039W"	602	NA	0	NA	NA	NA	31.5	60.012
"YKR041W"	250	0	-1	-5.9	7	0.714285714285714	NA	3.47
"YKR042W"	365	0	0	-2.4	209	0.382775119617225	29.9	1358.454
"YKR043C"	271	NA	0	NA	NA	NA	22.1	285.568
"YKR044W"	443	0	0	-14.5	70	0.385714285714286	38	6.751
"YKR045C"	183	NA	-2.4	NA	NA	NA	48.7	24.811
"YKR046C"	283	0	0	-6	10	0.5	25.7	56.498
"YKR048C"	417	0	-1.1	-7	20	0.3	26.2	200.098
"YKR049C"	133	0	-0.8	-7.4	28	0.392857142857143	30.2	52.378
"YKR050W"	889	0	-0.7	-14.7	28	0.392857142857143	31.4	0.481
"YKR051W"	418	0	-0.6	-11.5	118	0.355932203389831	30.2	12.9
"YKR052C"	304	NA	0	NA	NA	NA	5.6	32.595
"YKR053C"	404	NA	0	NA	NA	NA	NA	0.518
"YKR054C"	4092	NA	-2.7	NA	NA	NA	NA	3.352
"YKR055W"	291	NA	0	NA	NA	NA	34.5	30.611
"YKR056W"	639	NA	-0.8	NA	NA	NA	28.8	46.33
"YKR057W"	87	0	0	-9.6	9	0.555555555555556	27	2864.609
"YKR058W"	616	3	-6.7	-8	128	0.3515625	41.3	5.249
"YKR060W"	274	NA	-4.8	NA	NA	NA	24	35.585
"YKR061W"	425	NA	-3.8	NA	NA	NA	NA	2.588
"YKR062W"	328	NA	-5.4	NA	NA	NA	33.2	77.552
"YKR063C"	502	NA	-3.3	NA	NA	NA	21.8	12.07
"YKR064W"	863	NA	-3.6	NA	NA	NA	37.2	9.778
"YKR065C"	197	NA	0	NA	NA	NA	28.2	211.471
"YKR066C"	361	0	0	-10.9	21	0.333333333333333	26.4	234.669
"YKR067W"	743	0	-0.1	-5.8	89	0.370786516853933	24.3	45.004
"YKR068C"	193	5	-4.3	-6.2	295	0.386440677966102	26.8	98.406
"YKR069W"	593	NA	0	NA	NA	NA	30.6	12.233
"YKR070W"	352	NA	-2.4	NA	NA	NA	23.3	63.496
"YKR071C"	348	0	-2.5	-6.6	44	0.363636363636364	26.7	137.491
"YKR072C"	562	NA	-0.3	NA	NA	NA	25.5	47.415
"YKR074W"	155	NA	-0.1	NA	NA	NA	NA	208.348
"YKR075C"	307	NA	0	NA	NA	NA	NA	15.306
"YKR076W"	370	NA	0	NA	NA	NA	27.3	16.754
"YKR077W"	363	0	-0.6	-6.4	26	0.384615384615385	35.7	38.427
"YKR078W"	585	NA	-1.3	NA	NA	NA	26.3	9.139
"YKR079C"	838	NA	-1.6	NA	NA	NA	23.7	14.841
"YKR080W"	320	0	-0.8	-1.8	71	0.394366197183099	24.3	85.054
"YKR081C"	344	0	-4.7	-5.6	22	0.363636363636364	28.2	129.657
"YKR082W"	1157	0	-2.5	-7.1	22	0.363636363636364	19.9	41.513
"YKR083C"	133	NA	-0.7	NA	NA	NA	NA	45.831
"YKR084C"	611	NA	-0.9	NA	NA	NA	28.3	68.258
"YKR085C"	195	0	0	-17.2	10	0.5	26.8	85.902
"YKR086W"	1071	NA	-1.1	NA	NA	NA	36.3	8.709
"YKR087C"	345	NA	-1.1	NA	NA	NA	27.8	32.814
"YKR088C"	337	0	-1.4	-9.5	14	0.357142857142857	25.5	53.875
"YKR089C"	910	NA	-2	NA	NA	NA	31.2	27.552
"YKR090W"	706	NA	-1.5	NA	NA	NA	6.2	28.023
"YKR091W"	246	0	-0.9	-8.6	33	0.393939393939394	34.7	20.518
"YKR092C"	406	0	0	-2.6	43	0.372093023255814	30.5	211.359
"YKR093W"	601	NA	-1.2	NA	NA	NA	20.9	67.689
"YKR095W"	1875	NA	-1.7	NA	NA	NA	28.1	18.389
"YKR095W-A"	88	0	-3.5	-5.5	11	0.454545454545455	24.1	89.98
"YKR096W"	1195	NA	-1.6	NA	NA	NA	NA	14.647
"YKR097W"	549	NA	0	NA	NA	NA	2	2.695
"YKR098C"	717	NA	-2.9	NA	NA	NA	32.2	4.007
"YKR099W"	811	NA	-1.5	NA	NA	NA	6.8	12.168
"YKR100C"	355	NA	0	NA	NA	NA	29.8	37.204
"YKR101W"	654	NA	0	NA	NA	NA	NA	8.848
"YKR103W"	1218	NA	0	NA	NA	NA	NA	0.088
"YKR104W"	306	NA	-2.7	NA	NA	NA	NA	0
"YLL001W"	757	NA	-1.5	NA	NA	NA	21.5	59.388
"YLL002W"	436	0	-3.2	-8.5	1	1	35.4	10.222
"YLL003W"	946	NA	-3.6	NA	NA	NA	NA	3.959
"YLL004W"	616	0	0	-15.3	7	0.714285714285714	37.6	14.112
"YLL005C"	868	NA	0	NA	NA	NA	NA	0
"YLL006W"	426	NA	0	NA	NA	NA	31.1	33.573
"YLL006W-A"	58	NA	-1.6	NA	NA	NA	NA	2.187
"YLL007C"	665	NA	-0.9	NA	NA	NA	36.7	10.542
"YLL008W"	752	NA	-0.6	NA	NA	NA	16.7	72.947
"YLL009C"	69	0	0	-3.5	38	0.394736842105263	22.4	176.026
"YLL010C"	427	0	-0.6	-3.9	184	0.385869565217391	31.6	39.265
"YLL011W"	489	0	-3	-9	12	0.416666666666667	30	48.769
"YLL012W"	573	NA	-1.5	NA	NA	NA	NA	12.002
"YLL013C"	879	NA	-4.2	NA	NA	NA	42.6	41.209
"YLL014W"	108	0	0	-8.5	19	0.263157894736842	39.3	223.141
"YLL015W"	1559	NA	-1.9	NA	NA	NA	30.4	19.521
"YLL018C"	557	NA	-1.6	NA	NA	NA	NA	718.271
"YLL018C-A"	98	NA	0	NA	NA	NA	39.9	57.921
"YLL019C"	737	0	0	-18.7	287	0.383275261324042	NA	22.681
"YLL021W"	1466	0	0	-10.4	145	0.36551724137931	14.2	41.27
"YLL022C"	385	0	-1.6	-6	1	1	32	29.14
"YLL023C"	279	0	-1.5	-4.1	31	0.419354838709677	31.1	99.426
"YLL026W"	908	0	0	-1	57	0.385964912280702	27.9	320.216
"YLL027W"	250	NA	0	NA	NA	NA	5.2	58.998
"YLL028W"	586	0	0	-7.6	135	0.355555555555556	22.3	106.951
"YLL029W"	749	0	0	-4.7	104	0.336538461538462	23.6	66.123
"YLL031C"	1017	0	-0.9	-12.4	65	0.4	5.1	43.449
"YLL032C"	825	0	-3.3	-11.8	106	0.330188679245283	33.3	16.623
"YLL033W"	230	NA	-8.3	NA	NA	NA	62	11.697
"YLL034C"	837	0	-3.2	-6.7	39	0.41025641025641	25.4	35.775
"YLL035W"	632	0	-0.5	-8.5	54	0.407407407407407	30.7	12.253
"YLL036C"	503	NA	-1.4	NA	NA	NA	NA	28.913
"YLL038C"	247	0	-3.6	-10.6	36	0.416666666666667	0	29.732
"YLL040C"	3144	NA	0	NA	NA	NA	28.8	36.067
"YLL041C"	266	0	-0.4	-7.6	45	0.377777777777778	31.7	97.258
"YLL042C"	167	0	0	-16.7	30	0.4	37.4	4.446
"YLL043W"	669	1	0	-9.5	74	0.378378378378378	25.2	46.685
"YLL046C"	249	NA	-0.4	NA	NA	NA	NA	1.025
"YLL048C"	1661	NA	-1.7	NA	NA	NA	27.5	62.14
"YLL049W"	179	NA	-4.1	NA	NA	NA	NA	28.379
"YLL050C"	143	0	0	-5.5	26	0.384615384615385	21.6	1983.328
"YLL051C"	712	1	-3.3	-11.7	24	0.333333333333333	35.6	15.839
"YLL052C"	149	0	-1.2	-7.2	1	1	NA	4.272
"YLL053C"	152	NA	-4.1	NA	NA	NA	NA	0.323
"YLL054C"	843	NA	-3.3	NA	NA	NA	NA	4.306
"YLL055W"	531	0	0	-11.3	141	0.354609929078014	35.1	5.566
"YLL056C"	298	NA	0	NA	NA	NA	NA	1.384
"YLL057C"	412	NA	0	NA	NA	NA	NA	2.159
"YLL058W"	575	0	-0.6	-6.9	73	0.383561643835616	28.5	18.494
"YLL060C"	233	NA	-2.7	NA	NA	NA	NA	1.09
"YLL061W"	583	1	-1.2	-9.4	17	0.294117647058824	31.9	17.249
"YLL062C"	324	NA	-1.4	NA	NA	NA	32.1	16.619
"YLL063C"	474	NA	-2.2	NA	NA	NA	NA	5.658
"YLR001C"	862	1	-0.1	-7.3	32	0.40625	26.7	22.676
"YLR002C"	663	0	-1.7	-10	31	0.419354838709677	35.8	52.463
"YLR003C"	291	0	-3.3	-9.8	19	0.263157894736842	28.4	70.069
"YLR004C"	523	NA	-2.8	NA	NA	NA	14.9	1.211
"YLR005W"	461	0	-3.5	-11.3	30	0.4	26.9	33.165
"YLR006C"	712	NA	-0.7	NA	NA	NA	38	14.569
"YLR007W"	336	0	-3.7	-15.2	18	0.277777777777778	32.8	15.436
"YLR008C"	168	NA	-0.1	NA	NA	NA	31.8	119.687
"YLR009W"	199	NA	0	NA	NA	NA	29.7	183.258
"YLR010C"	160	NA	-3.9	NA	NA	NA	NA	13.558
"YLR011W"	191	0	-2.1	-9.9	76	0.381578947368421	52	27.001
"YLR012C"	99	NA	-2.8	NA	NA	NA	NA	0.471
"YLR014C"	904	NA	0	NA	NA	NA	NA	4.021
"YLR015W"	505	NA	-0.5	NA	NA	NA	33	14.505
"YLR016C"	204	0	0	-2.3	1	1	38.3	24.67
"YLR017W"	337	NA	-2.4	NA	NA	NA	NA	116.369
"YLR018C"	299	NA	-0.3	NA	NA	NA	31.3	48.805
"YLR019W"	397	NA	0	NA	NA	NA	NA	51.982
"YLR020C"	538	0	-2.7	-15.3	40	0.4	27.2	23.948
"YLR021W"	179	NA	-3	NA	NA	NA	25.4	41.455
"YLR022C"	250	0	-1.8	-8.8	6	0.666666666666667	30.6	77.371
"YLR023C"	543	NA	0	NA	NA	NA	25.8	28.014
"YLR024C"	1872	0	-1.6	-7.7	1	1	31.1	5.39
"YLR025W"	240	0	-0.2	-5.7	50	0.42	32.9	104.141
"YLR026C"	340	0	0	-4.8	116	0.353448275862069	27.7	48.385
"YLR027C"	418	0	0	-6.8	29	0.379310344827586	24.6	780.514
"YLR028C"	591	0	0	-7.6	157	0.369426751592357	26.5	179.532
"YLR030W"	263	7	-3.3	-17.47	337	0.403560830860534	NA	2.531
"YLR031W"	186	NA	0	NA	NA	NA	21.7	0.269
"YLR032W"	1169	NA	0	NA	NA	NA	NA	14.417
"YLR033W"	502	0	-3.1	-7.5	54	0.407407407407407	30.1	35.161
"YLR034C"	473	0	0	-7.2	166	0.379518072289157	26.3	103.838
"YLR035C"	695	0	-2.6	-11.9	40	0.4	32.8	5.737
"YLR036C"	203	NA	-2.5	NA	NA	NA	14.1	23.048
"YLR038C"	83	NA	0	NA	NA	NA	22.2	277.475
"YLR039C"	1056	NA	-3.6	NA	NA	NA	NA	14.769
"YLR040C"	224	NA	0	NA	NA	NA	NA	38.68
"YLR042C"	161	NA	0	NA	NA	NA	NA	46.574
"YLR043C"	103	0	0	-4.6	28	0.392857142857143	21.9	1597.23
"YLR044C"	563	0	0	-5.9	31	0.419354838709677	17.1	19394.04
"YLR045C"	888	NA	-0.4	NA	NA	NA	NA	25.996
"YLR046C"	270	NA	-5.4	NA	NA	NA	46.5	0
"YLR047C"	686	1	-0.2	-7.8	274	0.372262773722628	59.7	7.128
"YLR049C"	428	NA	-0.6	NA	NA	NA	NA	49.705
"YLR050C"	161	0	0	-9.2	12	0.416666666666667	27.7	70.474
"YLR051C"	217	0	-1.4	-6.4	22	0.363636363636364	26.9	62.205
"YLR052W"	250	0	-2	-10.5	7	0.714285714285714	28.4	41.85
"YLR053C"	108	NA	-4.7	NA	NA	NA	NA	0.437
"YLR054C"	724	NA	-1.6	NA	NA	NA	11.2	0
"YLR055C"	602	NA	0	NA	NA	NA	27.1	27.63
"YLR056W"	365	0	-0.4	-7.5	70	0.385714285714286	27.4	357.585
"YLR057W"	849	0	0	-7.4	66	0.393939393939394	25	14.841
"YLR058C"	469	0	0	-2.8	40	0.4	27.8	848.642
"YLR059C"	269	NA	0	NA	NA	NA	9	60.029
"YLR060W"	595	0	0	-4.4	30	0.4	25.5	381.013
"YLR061W"	121	0	0	-2.7	23	0.347826086956522	20.3	4926.791
"YLR063W"	365	NA	-3.5	NA	NA	NA	7.5	13.55
"YLR064W"	273	0	0	-10.1	14	0.357142857142857	28.7	90.585
"YLR065C"	181	0	-2.2	-11.9	33	0.393939393939394	30.5	101.901
"YLR066W"	184	0	-1	-7.7	61	0.409836065573771	26.3	139.986
"YLR067C"	965	NA	-1.5	NA	NA	NA	18.6	5.49
"YLR068W"	151	0	-3.5	-7.4	38	0.394736842105263	33.6	33.118
"YLR069C"	761	0	-2.9	-7.1	42	0.380952380952381	26.6	35.771
"YLR070C"	356	NA	-2.2	NA	NA	NA	NA	4.528
"YLR071C"	1082	NA	-2.5	NA	NA	NA	NA	23.734
"YLR072W"	693	1	-1.2	-9.8	21	0.333333333333333	30	17.797
"YLR073C"	200	NA	-3	NA	NA	NA	NA	26.633
"YLR074C"	166	NA	0	NA	NA	NA	32.9	104.308
"YLR075W"	221	0	0	-5	22	0.363636363636364	22.3	7821.342
"YLR077W"	583	0	-1.5	-10.7	28	0.392857142857143	30.2	22.514
"YLR078C"	244	NA	-2.6	NA	NA	NA	29.8	55.762
"YLR079W"	284	0	-4.9	-6.9	41	0.390243902439024	27.9	73.149
"YLR080W"	444	NA	-3.3	NA	NA	NA	NA	12.526
"YLR081W"	574	NA	0	NA	NA	NA	NA	0.276
"YLR082C"	392	NA	-1.5	NA	NA	NA	42.7	17.984
"YLR083C"	667	NA	-1.5	NA	NA	NA	NA	141.578
"YLR084C"	1220	NA	-0.9	NA	NA	NA	NA	29.538
"YLR085C"	438	0	-1.7	-9.4	30	0.4	25.7	19.038
"YLR086W"	1418	0	0	-3.9	57	0.385964912280702	23	15.216
"YLR087C"	2958	NA	-2.6	NA	NA	NA	NA	3.001
"YLR088W"	614	0	0	-7.6	33	0.393939393939394	29	60.769
"YLR089C"	592	0	0	-8.6	222	0.373873873873874	31.3	118.239
"YLR090W"	459	NA	-1.5	NA	NA	NA	46.3	21.745
"YLR091W"	293	NA	-2.6	NA	NA	NA	32.1	10.021
"YLR092W"	893	NA	-1.6	NA	NA	NA	NA	13.525
"YLR093C"	253	0	-0.3	-7.8	56	0.392857142857143	25.4	107.801
"YLR094C"	502	NA	0	NA	NA	NA	NA	31.908
"YLR095C"	812	NA	-1.9	NA	NA	NA	26.5	23.847
"YLR096W"	1147	NA	0	NA	NA	NA	30.4	20.631
"YLR097C"	344	1	-6.3	-4.8	82	0.365853658536585	35.6	14.49
"YLR098C"	648	0	-0.6	-6.4	13	0.384615384615385	38.6	6.798
"YLR099C"	394	NA	-2	NA	NA	NA	27.1	14.847
"YLR099W-A"	87	0	-1.6	-9.3	35	0.4	30.2	107.127
"YLR100W"	347	0	0	-5.1	25	0.36	27.8	139.366
"YLR102C"	265	0	0	-9.2	14	0.357142857142857	30	29.378
"YLR103C"	650	0	-0.1	-4.4	79	0.367088607594937	25.9	10.616
"YLR104W"	131	1	0	-13.5	41	0.390243902439024	31.4	70.046
"YLR105C"	377	0	-2	-6.8	26	0.384615384615385	36.4	11.478
"YLR106C"	4910	NA	-0.2	NA	NA	NA	1.6	15.945
"YLR107W"	404	0	-0.3	-15.6	4	0.75	26.9	20.059
"YLR108C"	485	0	0	-12.5	51	0.411764705882353	36.2	25.935
"YLR109W"	176	0	0	-1	38	0.394736842105263	22.2	9579.748
"YLR110C"	133	0	0	-0.5	44	0.363636363636364	31	28079.222
"YLR113W"	435	2	0	-15.7	348	0.408045977011494	25.9	101.847
"YLR114C"	764	0	-2.6	-8.5	76	0.381578947368421	24.6	33.263
"YLR115W"	859	0	0	-8.2	25	0.36	24.8	14.174
"YLR116W"	476	NA	-1.5	NA	NA	NA	NA	20.111
"YLR117C"	687	0	-2.2	-17.3	1	1	27	14.777
"YLR118C"	227	0	-2.5	-10.1	5	0.6	24.1	100.537
"YLR119W"	213	NA	-4.1	NA	NA	NA	NA	26.311
"YLR120C"	569	0	-0.8	-7.5	114	0.350877192982456	34	74.083
"YLR121C"	508	NA	-1.4	NA	NA	NA	NA	10.687
"YLR125W"	136	NA	-0.1	NA	NA	NA	NA	5.349
"YLR126C"	251	NA	0	NA	NA	NA	NA	41.694
"YLR127C"	853	NA	-2.3	NA	NA	NA	NA	7.074
"YLR128W"	269	0	-3.6	-12.3	26	0.384615384615385	34.3	18.676
"YLR129W"	943	0	-4.4	-9.5	41	0.390243902439024	22.3	49.863
"YLR130C"	422	1	-0.9	-8.9	135	0.355555555555556	28.5	94.565
"YLR131C"	770	NA	-4.7	NA	NA	NA	NA	18.131
"YLR132C"	290	0	-3.1	-15.6	28	0.392857142857143	28.4	23.61
"YLR133W"	582	NA	0	NA	NA	NA	32.6	63.017
"YLR135W"	748	NA	-3.3	NA	NA	NA	NA	6.55
"YLR136C"	285	NA	-1.1	NA	NA	NA	NA	36.814
"YLR137W"	367	NA	-3.8	NA	NA	NA	34.2	13.48
"YLR138W"	985	NA	0	NA	NA	NA	26.9	24.729
"YLR139C"	643	0	-0.7	-9.8	39	0.41025641025641	27.9	9.243
"YLR141W"	363	NA	-0.3	NA	NA	NA	32.2	9.607
"YLR142W"	476	NA	-1	NA	NA	NA	NA	4.862
"YLR143W"	685	0	0	-6.2	43	0.372093023255814	31	20.793
"YLR144C"	779	NA	-0.6	NA	NA	NA	33.2	24.289
"YLR145W"	201	0	0	-7.6	10	0.5	25.4	19.258
"YLR146C"	300	NA	-1.2	NA	NA	NA	NA	37.305
"YLR146W-A"	62	NA	-2.5	NA	NA	NA	1.6	105.187
"YLR147C"	101	NA	-3.2	NA	NA	NA	NA	86.054
"YLR148W"	918	NA	0	NA	NA	NA	NA	23.705
"YLR149C"	730	NA	-1.1	NA	NA	NA	NA	8.53
"YLR150W"	273	0	0	-2.9	49	0.408163265306122	25	3432.097
"YLR151C"	340	NA	-2.3	NA	NA	NA	24	10.226
"YLR152C"	576	0	0	-5.5	4	0.75	33.7	17.177
"YLR153C"	683	NA	0	NA	NA	NA	21.9	479.68
"YLR154C"	110	0	-0.4	-9.8	2	1	24.4	177.07
"YLR162W-A"	62	NA	-1.7	NA	NA	NA	51.6	0
"YLR163C"	462	0	-2.7	-11.2	26	0.384615384615385	23.2	58.799
"YLR164W"	168	NA	-2	NA	NA	NA	NA	2.064
"YLR165C"	254	NA	-0.4	NA	NA	NA	NA	9.453
"YLR166C"	871	NA	-2.9	NA	NA	NA	36.3	21.526
"YLR168C"	230	0	-0.4	-2.7	61	0.409836065573771	32.4	32.001
"YLR170C"	156	NA	-0.5	NA	NA	NA	33.7	106.881
"YLR172C"	300	0	0	-9.3	8	0.625	30.3	181.368
"YLR173W"	608	0	-0.6	-10	25	0.36	36.6	12.637
"YLR174W"	412	NA	-0.5	NA	NA	NA	40	0.254
"YLR175W"	483	0	-2	-5.4	30	0.4	27.3	432.86
"YLR176C"	811	NA	0	NA	NA	NA	NA	10.984
"YLR177W"	628	0	0	-4.4	43	0.372093023255814	33.4	16.382
"YLR178C"	219	0	0	-4.8	26	0.384615384615385	30.8	161.931
"YLR179C"	201	0	0	-7.8	78	0.371794871794872	37.8	829.59
"YLR180W"	382	NA	0	NA	NA	NA	6.1	1064.973
"YLR181C"	330	NA	0	NA	NA	NA	NA	40.044
"YLR182W"	803	0	-1.9	-6.5	34	0.382352941176471	28.6	23.91
"YLR183C"	489	0	0	-3.87	48	0.395833333333333	21.3	43.278
"YLR185W"	88	0	0	-4.7	22	0.363636363636364	21.6	3500.91
"YLR186W"	252	0	-1.8	-4.8	58	0.396551724137931	31.9	123.197
"YLR187W"	1026	0	0	-9.4	198	0.383838383838384	NA	22.085
"YLR188W"	695	1	-2.8	-3.7	74	0.378378378378378	25.2	23.484
"YLR189C"	1198	2	-0.8	-7.4	76	0.381578947368421	36.8	14.924
"YLR190W"	491	0	0	-10.4	321	0.398753894080997	NA	53.081
"YLR191W"	386	0	-1	-7.3	32	0.40625	27.7	28.121
"YLR192C"	265	0	0	-2.31	50	0.42	28.2	382.877
"YLR193C"	175	1	-3.8	-11.3	68	0.382352941176471	27.6	74.7
"YLR194C"	254	0	0	-2.5	15	0.333333333333333	37.5	83.066
"YLR195C"	455	0	-0.6	-3.4	32	0.40625	30.5	87.372
"YLR196W"	576	NA	0	NA	NA	NA	5.3	105.357
"YLR197W"	504	0	-1.2	-13.8	25	0.36	21.9	553.521
"YLR199C"	276	0	0	-3.3	70	0.385714285714286	31	50.037
"YLR200W"	114	NA	-3.1	NA	NA	NA	27	174.982
"YLR201C"	260	0	0	-9.1	1	1	32.6	67.885
"YLR203C"	436	0	-2.4	-9.7	65	0.4	28.7	76.247
"YLR204W"	111	NA	0	NA	NA	NA	31.2	88.694
"YLR205C"	317	NA	0	NA	NA	NA	4.4	15.173
"YLR206W"	613	NA	0	NA	NA	NA	NA	78.33
"YLR207W"	833	0	0	-1.8	65	0.4	30.4	26.397
"YLR208W"	297	0	-0.8	-3.77	74	0.378378378378378	27.8	312.923
"YLR209C"	311	1	-0.1	-4.2	35	0.4	35.1	71.773
"YLR210W"	460	0	-2.2	-12	79	0.367088607594937	29.2	19.073
"YLR211C"	226	NA	-1.8	NA	NA	NA	NA	14.806
"YLR212C"	473	NA	0	NA	NA	NA	32.4	33.13
"YLR213C"	422	0	-1.5	-12.7	26	0.384615384615385	NA	0.745
"YLR214W"	686	NA	-4.3	NA	NA	NA	NA	15.34
"YLR215C"	360	NA	0	NA	NA	NA	NA	23.558
"YLR216C"	371	0	-1	-3.8	32	0.40625	24.7	502.729
"YLR218C"	150	NA	0	NA	NA	NA	NA	22.864
"YLR219W"	728	NA	-4	NA	NA	NA	NA	25.587
"YLR220W"	322	NA	0	NA	NA	NA	NA	92.589
"YLR221C"	220	0	0	-5.8	46	0.391304347826087	29.6	86.489
"YLR222C"	817	0	-5.1	-4.9	20	0.3	27.3	52.828
"YLR223C"	1085	0	-3.8	-7	305	0.390163934426229	25.1	16.9
"YLR224W"	369	NA	-0.8	NA	NA	NA	NA	12.704
"YLR225C"	407	0	0	-8.5	17	0.294117647058824	35.4	49.47
"YLR226W"	395	NA	0	NA	NA	NA	36.6	27.77
"YLR227C"	493	3	-3.1	-16.2	186	0.39247311827957	48	1.389
"YLR228C"	814	NA	-1.9	NA	NA	NA	21.9	10.814
"YLR229C"	191	NA	-0.8	NA	NA	NA	29.6	298.846
"YLR231C"	453	0	0	-8.1	28	0.392857142857143	29.3	82.18
"YLR233C"	699	NA	0	NA	NA	NA	5.9	2.206
"YLR234W"	656	NA	-1.9	NA	NA	NA	NA	5.099
"YLR237W"	598	0	-3.5	-10.5	68	0.382352941176471	2.6	23.027
"YLR238W"	478	0	-1.4	-11.5	79	0.367088607594937	31.3	15.077
"YLR239C"	328	NA	-0.3	NA	NA	NA	42.5	26.377
"YLR240W"	875	NA	-2.3	NA	NA	NA	NA	14.47
"YLR241W"	782	1	-4	-12	42	0.380952380952381	30.6	29.446
"YLR242C"	321	1	-0.7	-8.8	47	0.382978723404255	30.6	15.155
"YLR243W"	272	NA	0	NA	NA	NA	28.6	52.805
"YLR244C"	387	0	0	-5.9	19	0.263157894736842	31.5	362.642
"YLR245C"	142	NA	-3.2	NA	NA	NA	33.2	34.996
"YLR246W"	359	0	0	-8	2	1	34.8	9.274
"YLR247C"	1556	NA	-1.9	NA	NA	NA	7.2	10.835
"YLR248W"	610	0	-3.7	-5.8	72	0.388888888888889	29.6	102.594
"YLR249W"	1044	NA	-1.8	NA	NA	NA	0.2	4331.849
"YLR250W"	234	0	-2.6	-12.2	45	0.377777777777778	27.9	206.101
"YLR251W"	197	4	0	-14.6	127	0.354330708661417	NA	18.854
"YLR253W"	569	NA	-2.3	NA	NA	NA	28.7	16.174
"YLR254C"	189	NA	-1.9	NA	NA	NA	32.9	30.175
"YLR257W"	321	0	0	-6	220	0.377272727272727	27.6	221.195
"YLR258W"	705	NA	-1.5	NA	NA	NA	25.1	81.847
"YLR259C"	572	0	-3	-6.2	35	0.4	22.6	934.494
"YLR260W"	687	0	0	-7.4	98	0.357142857142857	28.5	18.645
"YLR262C"	215	0	0	-5.7	50	0.42	NA	95.64
"YLR262C-A"	64	0	0	-6.4	23	0.347826086956522	21.8	1118.248
"YLR263W"	827	NA	-1.1	NA	NA	NA	NA	0
"YLR264C-A"	38	NA	0	NA	NA	NA	NA	0
"YLR264W"	67	0	-1.6	-4.8	24	0.333333333333333	31.2	2832.344
"YLR265C"	342	NA	-2.9	NA	NA	NA	30.5	18.669
"YLR266C"	701	NA	-6.2	NA	NA	NA	37.9	9.33
"YLR267W"	570	0	-0.6	-12	25	0.36	28.7	6.496
"YLR268W"	214	0	-1.9	-8.2	50	0.42	27.8	168.037
"YLR270W"	350	0	0	-8	107	0.327102803738318	31.5	145.5
"YLR271W"	274	NA	-2.2	NA	NA	NA	43.9	9.739
"YLR272C"	1176	NA	-4.2	NA	NA	NA	34.3	11.502
"YLR273C"	648	NA	-0.2	NA	NA	NA	NA	3.194
"YLR274W"	775	0	-3.2	-9.8	21	0.333333333333333	25.8	35.964
"YLR275W"	110	0	-0.3	-7.1	9	0.555555555555556	29.6	63.178
"YLR276C"	594	0	0	-7.1	36	0.416666666666667	23.3	58.926
"YLR277C"	779	NA	0	NA	NA	NA	11.3	15.463
"YLR278C"	1341	0	0	-5.8	61	0.409836065573771	41.2	10.064
"YLR281C"	155	NA	0	NA	NA	NA	NA	9.514
"YLR283W"	314	NA	0	NA	NA	NA	22.7	12.512
"YLR284C"	280	NA	-0.2	NA	NA	NA	36.7	13.946
"YLR285W"	261	0	-2.7	-9.1	11	0.454545454545455	29.3	118.615
"YLR286C"	562	NA	0	NA	NA	NA	19.7	937.661
"YLR287C"	355	0	-0.6	-3.3	68	0.382352941176471	34.8	53.023
"YLR288C"	474	NA	-4.3	NA	NA	NA	51.6	7.323
"YLR289W"	645	NA	-1.4	NA	NA	NA	16.1	4.196
"YLR290C"	277	NA	-1.4	NA	NA	NA	25.9	50.422
"YLR291C"	381	0	0	-5.2	33	0.393939393939394	28.6	112.255
"YLR292C"	193	NA	-1.2	NA	NA	NA	27.4	153.71
"YLR293C"	219	0	0	-4.5	24	0.333333333333333	24.1	1903.9
"YLR295C"	124	0	-1.1	-2.4	40	0.4	32.1	250.78
"YLR297W"	129	0	0	-0.8	110	0.327272727272727	35.5	16.444
"YLR298C"	231	0	-2.1	-13.2	2	1	28.4	31.432
"YLR299W"	660	NA	-0.5	NA	NA	NA	25.7	35.077
"YLR300W"	448	0	-1	-7.9	99	0.353535353535354	28.4	694.741
"YLR301W"	244	0	0	-3.5	51	0.411764705882353	21.8	542.371
"YLR303W"	444	0	-0.6	-2.9	39	0.41025641025641	NA	0
"YLR304C"	778	0	0	-6.9	40	0.4	24.3	446.039
"YLR305C"	1900	0	-2.8	-10.6	38	0.394736842105263	27.8	21.16
"YLR306W"	188	3	0	-4	83	0.36144578313253	44.4	17.023
"YLR307C-A"	87	NA	-0.5	NA	NA	NA	NA	1.575
"YLR307W"	301	NA	-0.8	NA	NA	NA	NA	0.857
"YLR308W"	312	NA	0	NA	NA	NA	NA	0.166
"YLR309C"	911	NA	-2.1	NA	NA	NA	19	21.361
"YLR310C"	1589	NA	-0.9	NA	NA	NA	NA	18.003
"YLR312C"	398	2	-2.6	-7.3	200	0.385	NA	2.101
"YLR312W-A"	253	0	-3.4	-10.4	13	0.384615384615385	24.3	49.056
"YLR313C"	530	NA	0	NA	NA	NA	NA	4.481
"YLR314C"	520	0	-1.4	-3.8	66	0.393939393939394	19.6	175.997
"YLR315W"	153	0	0	-6.8	8	0.625	40.1	20.856
"YLR316C"	322	NA	-1.8	NA	NA	NA	NA	18.646
"YLR318W"	884	NA	0	NA	NA	NA	36.9	1.632
"YLR319C"	788	0	-0.4	-9.9	53	0.415094339622642	23.4	18.673
"YLR320W"	1454	NA	-3.7	NA	NA	NA	27.4	1.592
"YLR321C"	426	0	-1	-5.2	12	0.416666666666667	28.5	65.548
"YLR323C"	259	NA	0	NA	NA	NA	NA	18.563
"YLR324W"	523	1	-0.9	-10.3	68	0.382352941176471	20.5	35.912
"YLR325C"	78	0	0	-2.8	22	0.363636363636364	21.9	5969.116
"YLR326W"	240	NA	-2.1	NA	NA	NA	33.8	26.088
"YLR327C"	86	NA	0	NA	NA	NA	27.7	115.064
"YLR328W"	401	0	0	-10.3	1	1	33.7	63.346
"YLR329W"	264	NA	-0.8	NA	NA	NA	NA	0
"YLR330W"	671	NA	-2	NA	NA	NA	28	66.261
"YLR332W"	376	0	0	-4	372	0.403225806451613	24.4	66.547
"YLR333C"	108	7	-0.1	-6.5	469	0.415778251599147	22.6	2279.886
"YLR335W"	720	0	-0.7	-9.3	31	0.419354838709677	21.2	83.728
"YLR336C"	899	NA	-2.8	NA	NA	NA	25.6	24.911
"YLR337C"	817	0	-0.4	-7.7	66	0.393939393939394	28.6	56.224
"YLR340W"	312	0	0	-5	61	0.409836065573771	21.1	5618.696
"YLR341W"	477	NA	0	NA	NA	NA	NA	0.221
"YLR342W"	1876	0	-3	-3.1	258	0.372093023255814	26.2	316.394
"YLR343W"	555	NA	-2	NA	NA	NA	NA	0
"YLR345W"	509	NA	-0.7	NA	NA	NA	31.9	28.997
"YLR346C"	101	3	-1.8	-10	165	0.381818181818182	31.9	8.79
"YLR347C"	861	NA	-0.9	NA	NA	NA	38.2	122.007
"YLR348C"	298	0	-1.4	-9.4	20	0.3	24.5	171.275
"YLR350W"	216	0	-0.1	-2.5	68	0.382352941176471	35.2	127.518
"YLR351C"	291	0	-6.3	-8.5	16	0.3125	25.8	136.422
"YLR352W"	807	NA	-0.4	NA	NA	NA	24.7	10.046
"YLR353W"	603	NA	-3.8	NA	NA	NA	NA	11.86
"YLR354C"	335	0	-2.3	-5.8	18	0.277777777777778	27.8	1079.284
"YLR355C"	395	NA	0	NA	NA	NA	0.5	4757.744
"YLR356W"	197	NA	0	NA	NA	NA	31.2	103.188
"YLR357W"	889	0	0	-10.1	53	0.415094339622642	30.3	39.913
"YLR359W"	482	0	0	-5.6	69	0.376811594202899	27.7	214.845
"YLR360W"	439	1	-0.4	-9.6	78	0.371794871794872	35.4	15.89
"YLR361C"	578	0	-4.4	-11.1	22	0.363636363636364	28.4	22.52
"YLR362W"	717	1	-0.2	-4.6	31	0.419354838709677	32.4	15.137
"YLR363C"	218	0	-2.7	-6.9	80	0.375	37.4	58.692
"YLR363W-A"	85	NA	0	NA	NA	NA	NA	89.423
"YLR364W"	109	NA	-1	NA	NA	NA	NA	40.288
"YLR367W"	130	6	0	-11.3	601	0.417637271214642	30.7	739.751
"YLR368W"	598	NA	-1.4	NA	NA	NA	34.6	8.237
"YLR369W"	657	0	-1.1	-9	24	0.333333333333333	24.6	25.778
"YLR370C"	178	0	0	-5.2	41	0.390243902439024	25.2	245.814
"YLR371W"	1356	NA	-0.2	NA	NA	NA	NA	13.682
"YLR372W"	345	0	-2.1	-10.5	150	0.353333333333333	25.5	457.137
"YLR373C"	901	0	-0.6	-11.3	17	0.294117647058824	28.4	16.67
"YLR375W"	343	NA	-2.9	NA	NA	NA	37.4	39.202
"YLR376C"	242	NA	0	NA	NA	NA	NA	8.208
"YLR377C"	348	NA	0	NA	NA	NA	NA	0.448
"YLR378C"	480	0	0	-7.9	206	0.378640776699029	29.7	340.992
"YLR380W"	408	0	0	-4.2	80	0.375	26.7	88.324
"YLR381W"	733	NA	0	NA	NA	NA	27.5	4.72
"YLR382C"	894	NA	-3.1	NA	NA	NA	32.7	9.624
"YLR383W"	1114	NA	-4	NA	NA	NA	32.7	7.896
"YLR384C"	1349	NA	-3.9	NA	NA	NA	2.4	78.011
"YLR385C"	132	0	0	-7.2	39	0.41025641025641	0.4	22.703
"YLR386W"	880	0	-2	-5	23	0.347826086956522	29.3	22.767
"YLR387C"	432	0	-1.9	-7.2	98	0.357142857142857	28.8	92.215
"YLR388W"	56	NA	0	NA	NA	NA	NA	2692.481
"YLR389C"	1027	NA	0	NA	NA	NA	29.3	48.197
"YLR390W"	112	NA	-2	NA	NA	NA	5.7	55.849
"YLR390W-A"	238	0	0	-5.7	55	0.4	24.7	1091.914
"YLR392C"	518	0	-4.4	-2.7	180	0.388888888888889	28.1	9.876
"YLR393W"	279	NA	-0.4	NA	NA	NA	NA	19.149
"YLR394W"	482	NA	-7.8	NA	NA	NA	NA	0.328
"YLR395C"	78	NA	0	NA	NA	NA	NA	377.239
"YLR396C"	691	0	0	-6.5	56	0.392857142857143	25.7	20.155
"YLR397C"	780	NA	0	NA	NA	NA	28.4	28.973
"YLR398C"	1287	NA	0	NA	NA	NA	NA	37.123
"YLR399C"	686	0	-0.8	-8.9	47	0.382978723404255	16.5	89.561
"YLR401C"	668	1	-0.4	-7	49	0.408163265306122	34.4	40.869
"YLR403W"	683	NA	-1.3	NA	NA	NA	NA	40.693
"YLR404W"	285	NA	0	NA	NA	NA	34.6	17.685
"YLR405W"	367	0	-1.5	-11.7	8	0.625	30.9	25.824
"YLR406C"	113	0	-0.4	-13.9	27	0.37037037037037	20.7	1337.603
"YLR406C-A"	49	NA	-3.5	NA	NA	NA	NA	0
"YLR407W"	228	0	-0.5	-13.2	245	0.371428571428571	32.2	39.16
"YLR408C"	122	NA	-0.6	NA	NA	NA	6.7	32.585
"YLR409C"	939	0	-3.5	-12.8	49	0.408163265306122	28.5	40.331
"YLR410W"	1146	NA	-1.6	NA	NA	NA	28.5	58.95
"YLR411W"	241	NA	0	NA	NA	NA	NA	3.38
"YLR412C-A"	68	NA	0	NA	NA	NA	NA	0
"YLR412W"	274	0	-7	-14.1	18	0.277777777777778	36.3	26.408
"YLR413W"	675	NA	-3.8	NA	NA	NA	12.2	142.223
"YLR415C"	112	NA	-1.2	NA	NA	NA	NA	3.385
"YLR417W"	566	NA	-4.2	NA	NA	NA	NA	12.426
"YLR418C"	393	0	-1.6	-9.8	61	0.409836065573771	27.1	75.479
"YLR419W"	1435	0	-0.2	-2.6	62	0.403225806451613	28.5	15.675
"YLR420W"	364	NA	0	NA	NA	NA	4.8	307.613
"YLR421C"	156	NA	0	NA	NA	NA	NA	224.482
"YLR422W"	1932	NA	-2.2	NA	NA	NA	NA	6.09
"YLR423C"	417	NA	-2.8	NA	NA	NA	NA	12.428
"YLR424W"	708	0	-1.6	-11.1	31	0.419354838709677	23.2	9.315
"YLR425W"	1307	NA	-2.9	NA	NA	NA	52.2	6.951
"YLR426W"	326	NA	-1.7	NA	NA	NA	28.2	17.158
"YLR427W"	670	NA	-1.7	NA	NA	NA	29.4	20.375
"YLR429W"	651	0	-1.4	-11.7	43	0.372093023255814	31.8	159.485
"YLR430W"	2231	NA	-1.5	NA	NA	NA	NA	14.459
"YLR431C"	453	NA	0	NA	NA	NA	28.5	4.636
"YLR433C"	553	NA	0	NA	NA	NA	NA	41.283
"YLR435W"	205	NA	-2	NA	NA	NA	32	94.552
"YLR436C"	1274	1	-0.1	-0.2	85	0.376470588235294	24.2	14.594
"YLR437C"	133	0	0	-10.8	19	0.263157894736842	32.6	74.202
"YLR438C-A"	89	0	0	-1.3	60	0.4	18.7	229.262
"YLR438W"	424	0	0	-1	36	0.416666666666667	27.2	130.456
"YLR439W"	319	NA	0	NA	NA	NA	NA	42.167
"YLR440C"	709	0	-1.1	-7.4	33	0.393939393939394	31.3	29.032
"YLR441C"	255	0	-2	-6.8	29	0.379310344827586	22.5	2666.573
"YLR442C"	978	NA	-1.6	NA	NA	NA	NA	14.449
"YLR443W"	448	NA	-0.3	NA	NA	NA	28.5	8.787
"YLR446W"	433	NA	0	NA	NA	NA	30.8	11.138
"YLR447C"	345	0	-2.4	-10	37	0.405405405405405	26.3	520.507
"YLR449W"	392	0	-2	-9.9	22	0.363636363636364	25.3	174.24
"YLR450W"	1045	0	-2.7	-12.3	185	0.389189189189189	28.2	38.15
"YLR451W"	886	NA	-0.9	NA	NA	NA	34.2	9.469
"YLR452C"	698	NA	-2	NA	NA	NA	33.6	65.281
"YLR453C"	395	NA	-1.4	NA	NA	NA	9.7	5.554
"YLR454W"	2628	NA	-1	NA	NA	NA	3.3	9.613
"YLR455W"	304	0	-1.8	-16.5	237	0.375527426160338	33.6	46.686
"YLR456W"	204	0	0	-1.4	13	0.384615384615385	45.9	12.582
"YLR457C"	319	NA	0	NA	NA	NA	NA	5.028
"YLR459W"	394	NA	-1.9	NA	NA	NA	28.8	52.892
"YML001W"	208	0	0	-9.5	94	0.361702127659574	20.5	312.822
"YML002W"	737	NA	-1.1	NA	NA	NA	NA	0.433
"YML003W"	290	NA	-4.7	NA	NA	NA	NA	9.231
"YML004C"	326	NA	0	NA	NA	NA	32.6	277.702
"YML005W"	462	NA	-0.4	NA	NA	NA	33.3	10.577
"YML006C"	774	0	0	-9.9	188	0.393617021276596	22.9	9.57
"YML007C-A"	36	NA	0	NA	NA	NA	NA	17.572
"YML007W"	650	NA	-2.9	NA	NA	NA	37.4	56.671
"YML008C"	383	0	0	-2.5	35	0.4	27.6	320.232
"YML009C"	70	1	-1.2	-8.1	43	0.372093023255814	25.8	232.412
"YML010W"	1063	0	0	-11.4	10	0.5	1.5	148.241
"YML011C"	177	NA	0	NA	NA	NA	NA	21.644
"YML012W"	211	0	0	-7.9	52	0.423076923076923	27.3	392.391
"YML013W"	584	NA	-0.1	NA	NA	NA	NA	33.352
"YML014W"	279	0	-1.6	-6.4	11	0.454545454545455	31	48.793
"YML015C"	346	NA	-3.1	NA	NA	NA	NA	23.117
"YML016C"	692	NA	0	NA	NA	NA	NA	25.581
"YML017W"	593	NA	-1.5	NA	NA	NA	31.5	91.793
"YML018C"	393	0	-2.9	-12.6	132	0.348484848484849	24.8	34.417
"YML019W"	332	1	0	-11	33	0.393939393939394	32.3	57.301
"YML020W"	664	NA	-3.4	NA	NA	NA	NA	7.598
"YML021C"	359	NA	-2.5	NA	NA	NA	NA	35.504
"YML022W"	187	0	0	-9.2	23	0.347826086956522	31	449.055
"YML023C"	556	NA	-0.8	NA	NA	NA	37.6	6.369
"YML025C"	286	NA	-2.1	NA	NA	NA	27.7	44.786
"YML027W"	385	0	-1.5	-9.6	79	0.367088607594937	28.1	47.301
"YML028W"	196	0	0	-4.4	30	0.4	25.8	4938.671
"YML029W"	838	NA	0	NA	NA	NA	32.8	27.644
"YML030W"	159	0	-6.2	-7.5	24	0.333333333333333	25	85.532
"YML031W"	655	0	0	-6.4	43	0.372093023255814	27	37.526
"YML032C"	471	0	-1.5	-13.9	41	0.390243902439024	28.7	14.959
"YML034W"	834	NA	-6.3	NA	NA	NA	34.5	31.87
"YML035C"	810	NA	0	NA	NA	NA	33.6	61.178
"YML036W"	181	NA	0	NA	NA	NA	27.4	49.573
"YML037C"	340	NA	-0.4	NA	NA	NA	NA	7.174
"YML038C"	442	NA	0	NA	NA	NA	NA	32.996
"YML041C"	280	0	-4.4	-10.9	46	0.391304347826087	24.8	23.855
"YML042W"	670	NA	0	NA	NA	NA	NA	2.22
"YML043C"	507	NA	-0.9	NA	NA	NA	NA	7.277
"YML046W"	629	NA	-3.2	NA	NA	NA	NA	21.837
"YML047C"	352	NA	0	NA	NA	NA	55.4	0.443
"YML048W"	403	NA	-3.3	NA	NA	NA	NA	163.187
"YML049C"	1361	NA	0	NA	NA	NA	NA	15.411
"YML050W"	311	NA	-1.6	NA	NA	NA	32.9	9.304
"YML051W"	435	NA	-0.7	NA	NA	NA	NA	8.075
"YML052W"	302	0	-3.3	-10.2	31	0.419354838709677	27.9	243.609
"YML053C"	212	0	-0.6	-8.1	69	0.376811594202899	31.1	55.233
"YML054C"	591	NA	-0.1	NA	NA	NA	NA	2.956
"YML055W"	178	0	-1.9	-9.1	37	0.405405405405405	23.2	116.895
"YML056C"	524	0	0	-9.1	55	0.4	24.8	256.454
"YML057W"	604	0	-3.2	-10.4	34	0.382352941176471	27	49.556
"YML058W"	104	0	0	-1.4	45	0.377777777777778	34.3	1335.408
"YML058W-A"	68	0	0	-1.4	50	0.42	41.5	33.435
"YML059C"	1679	NA	-2.7	NA	NA	NA	22.8	18.813
"YML060W"	376	0	0	-7.1	77	0.376623376623377	28.5	23.846
"YML061C"	859	NA	-1	NA	NA	NA	1.2	12.061
"YML062C"	392	NA	-1.5	NA	NA	NA	26.8	21.713
"YML063W"	255	0	0	-6	27	0.37037037037037	18.5	3620.825
"YML064C"	245	0	-0.4	-4.7	62	0.403225806451613	32.7	32.247
"YML065W"	914	NA	0	NA	NA	NA	22.2	16.671
"YML066C"	369	NA	-0.5	NA	NA	NA	NA	0.141
"YML067C"	352	NA	0	NA	NA	NA	25.2	78.41
"YML068W"	464	3	-0.7	-4.2	66	0.393939393939394	47.4	6.229
"YML069W"	552	NA	-1.8	NA	NA	NA	24.8	126.843
"YML070W"	584	0	0	-5.1	73	0.383561643835616	25.7	196.306
"YML071C"	607	NA	0	NA	NA	NA	38.5	25.139
"YML072C"	1545	NA	-0.1	NA	NA	NA	NA	160.284
"YML073C"	176	0	0	-8.4	18	0.277777777777778	20.8	3145.403
"YML074C"	411	0	0	-8.6	45	0.377777777777778	22.6	308.431
"YML075C"	1054	0	-0.4	-8.8	79	0.367088607594937	28.2	33.101
"YML076C"	944	0	-0.8	-9.3	1	1	21.4	8.33
"YML077W"	159	0	-2.4	-8.7	1	1	26.7	58.261
"YML078W"	182	0	-0.6	-2.5	26	0.384615384615385	24.3	512.694
"YML079W"	201	0	-0.5	-14.3	10	0.5	21.3	131.554
"YML080W"	423	NA	0	NA	NA	NA	NA	24.145
"YML081C-A"	59	0	-2.4	-7.1	51	0.411764705882353	20	469.806
"YML081W"	1251	0	-5	-17	144	0.361111111111111	26.7	12.454
"YML082W"	649	NA	-0.4	NA	NA	NA	33	16.438
"YML083C"	418	NA	-0.2	NA	NA	NA	NA	0.125
"YML085C"	447	0	-0.7	-3.5	33	0.393939393939394	21.7	276.03
"YML086C"	526	0	-2	-7.5	157	0.369426751592357	29.7	158
"YML087C"	312	NA	-1.2	NA	NA	NA	NA	3.147
"YML088W"	668	0	-3	-15.4	48	0.395833333333333	41.1	15.425
"YML091C"	1202	0	0	-11.6	288	0.385416666666667	12.1	10.766
"YML092C"	250	NA	0	NA	NA	NA	27.4	256.612
"YML093W"	899	NA	-2.2	NA	NA	NA	NA	59.393
"YML094W"	163	0	0	-4.6	28	0.392857142857143	32.4	108.777
"YML095C"	210	0	-3.7	-7.5	27	0.37037037037037	17	14.891
"YML096W"	525	1	-3.4	-12.6	25	0.36	33.5	17.789
"YML097C"	451	0	0	-13.5	57	0.385964912280702	25.4	29.567
"YML098W"	167	NA	-6.9	NA	NA	NA	33	59.873
"YML099C"	880	NA	0	NA	NA	NA	NA	6.982
"YML100W"	1098	0	0	-1.42	61	0.409836065573771	26.1	144.026
"YML100W-A"	57	NA	-3.3	NA	NA	NA	NA	2.956
"YML101C"	117	NA	-4.3	NA	NA	NA	20.5	73.717
"YML102W"	468	0	-1.3	-7.5	7	0.714285714285714	39.3	21.678
"YML103C"	1655	0	-0.6	-10.8	38	0.394736842105263	19	41.912
"YML104C"	1127	NA	-3	NA	NA	NA	18.5	6.426
"YML105C"	273	0	-1.1	-8.1	27	0.37037037037037	23.6	130.992
"YML106W"	226	NA	0	NA	NA	NA	3	517.768
"YML107C"	334	0	-1.9	-10.6	14	0.357142857142857	34.5	19.871
"YML108W"	105	0	0	-14.1	61	0.409836065573771	32.4	63.537
"YML109W"	942	0	-0.7	-6.7	56	0.392857142857143	28.2	12.379
"YML110C"	307	0	0	-8.7	28	0.392857142857143	22.2	211.252
"YML111W"	920	0	-2.6	-4.5	127	0.354330708661417	35.6	19.121
"YML112W"	296	0	-2.9	-10.2	8	0.625	32.4	21.242
"YML113W"	248	0	-0.6	-12.6	14	0.357142857142857	34.2	28.385
"YML114C"	510	0	-2	-13.8	20	0.3	39.1	18.192
"YML115C"	535	0	-2.2	-8.2	44	0.363636363636364	29.3	63.156
"YML116W"	542	0	-0.2	-6.6	57	0.385964912280702	39.3	20.074
"YML117W"	1134	NA	-0.2	NA	NA	NA	NA	36.382
"YML118W"	505	NA	0	NA	NA	NA	NA	2.296
"YML119W"	357	0	0	-10.9	21	0.333333333333333	39.2	21.999
"YML120C"	513	0	0	-7.5	61	0.409836065573771	32.2	51.184
"YML121W"	310	NA	0	NA	NA	NA	NA	48.328
"YML123C"	587	0	0	-3.4	40	0.4	28.9	23.176
"YML124C"	445	0	-2.4	-9.9	20	0.3	24.3	125.819
"YML125C"	312	0	-1.6	-6.6	38	0.394736842105263	25.7	175.74
"YML126C"	491	NA	-1.1	NA	NA	NA	7.2	413.493
"YML127W"	581	NA	-0.3	NA	NA	NA	22.2	49.642
"YML128C"	513	NA	0	NA	NA	NA	40.6	66.293
"YML129C"	70	0	0	-4.7	23	0.347826086956522	31.3	214.824
"YML130C"	563	NA	-3.2	NA	NA	NA	26.5	93.445
"YML131W"	365	NA	-2.3	NA	NA	NA	23.1	48.353
"YMR001C"	705	NA	0	NA	NA	NA	22.2	42.772
"YMR001C-A"	76	NA	-0.4	NA	NA	NA	2.7	20.561
"YMR002W"	156	NA	0	NA	NA	NA	25.9	603.453
"YMR003W"	198	0	-3	-9	33	0.393939393939394	30.2	27.135
"YMR004W"	511	NA	-1	NA	NA	NA	28.8	40.752
"YMR005W"	388	0	-1.9	-9.9	72	0.388888888888889	28.1	51.928
"YMR006C"	706	NA	-3.1	NA	NA	NA	6.9	72.92
"YMR008C"	664	NA	0	NA	NA	NA	29	99.174
"YMR009W"	179	0	0	-6	35	0.4	35.6	40.899
"YMR010W"	405	NA	0	NA	NA	NA	3.1	49.963
"YMR011W"	541	0	0	-6.3	39	0.41025641025641	32.2	70.774
"YMR012W"	1277	NA	-1.4	NA	NA	NA	17.8	280.471
"YMR013C"	519	NA	0	NA	NA	NA	27.1	18.496
"YMR014W"	519	0	-0.2	-13.3	27	0.37037037037037	29.6	31.302
"YMR015C"	538	NA	0	NA	NA	NA	NA	146.828
"YMR016C"	785	0	-2.1	-5.17	225	0.373333333333333	26.2	29.608
"YMR017W"	397	NA	-0.8	NA	NA	NA	NA	0.658
"YMR018W"	514	NA	-3.1	NA	NA	NA	NA	0.205
"YMR019W"	949	NA	0	NA	NA	NA	NA	10.317
"YMR020W"	508	NA	-0.2	NA	NA	NA	38.3	12.14
"YMR021C"	417	NA	-8.3	NA	NA	NA	NA	22.094
"YMR022W"	165	0	0	-10.1	30	0.4	22.5	140.842
"YMR023C"	526	NA	-0.5	NA	NA	NA	NA	5.718
"YMR024W"	390	NA	-4.8	NA	NA	NA	NA	51.271
"YMR025W"	295	0	0	-6.3	8	0.625	30.6	15.546
"YMR026C"	399	1	0	-4.5	94	0.361702127659574	28.4	15.454
"YMR027W"	470	NA	-2.7	NA	NA	NA	26.9	143.07
"YMR028W"	366	0	0	-5.3	24	0.333333333333333	29.4	24.185
"YMR029C"	523	0	-1.2	-15	30	0.4	26.2	25.32
"YMR030W"	376	1	0	-8.9	175	0.382857142857143	64.3	14.418
"YMR031C"	843	NA	-0.3	NA	NA	NA	28.9	85.743
"YMR032W"	669	0	-1.5	-7.1	50	0.42	27.4	15.165
"YMR033W"	467	NA	0	NA	NA	NA	NA	55.377
"YMR034C"	434	NA	-0.8	NA	NA	NA	NA	3.262
"YMR035W"	177	1	-5.4	-11.8	42	0.380952380952381	33.2	32.045
"YMR036C"	554	NA	-1.8	NA	NA	NA	21.7	8.586
"YMR037C"	704	0	-0.2	-13.1	430	0.42093023255814	22	51.896
"YMR038C"	249	0	-0.5	-6.7	18	0.277777777777778	24.3	198.152
"YMR039C"	292	0	0	-10.5	141	0.354609929078014	19.6	63.669
"YMR040W"	160	NA	-0.7	NA	NA	NA	27.9	5.547
"YMR041C"	335	NA	0	NA	NA	NA	3.9	15.945
"YMR042W"	177	NA	0	NA	NA	NA	NA	24.455
"YMR043W"	286	0	-0.1	-5.6	8	0.625	30	71.406
"YMR044W"	475	NA	-2.8	NA	NA	NA	26.9	37.867
"YMR047C"	1113	0	-0.4	-11.2	76	0.381578947368421	25	56.816
"YMR048W"	317	NA	-2	NA	NA	NA	37.2	26.105
"YMR049C"	807	0	-0.9	-7.5	7	0.714285714285714	25.9	96.364
"YMR052W"	204	0	-2.9	-4.6	21	0.333333333333333	43.4	19.983
"YMR053C"	850	NA	0	NA	NA	NA	NA	2.701
"YMR054W"	890	NA	-0.2	NA	NA	NA	28.9	37.887
"YMR055C"	306	0	0	-6.2	30	0.4	23.7	19.74
"YMR056C"	309	NA	0	NA	NA	NA	NA	3.845
"YMR058W"	636	0	0	-4.8	56	0.392857142857143	28.3	647.762
"YMR059W"	128	NA	-3.4	NA	NA	NA	30.7	31.986
"YMR060C"	327	NA	-1.7	NA	NA	NA	25	31.206
"YMR061W"	677	0	-0.9	-14	8	0.625	25.1	34.296
"YMR062C"	441	NA	-0.1	NA	NA	NA	31.6	380.518
"YMR063W"	239	NA	0	NA	NA	NA	3.8	9.582
"YMR064W"	518	NA	-0.5	NA	NA	NA	NA	10.589
"YMR065W"	504	NA	-1	NA	NA	NA	NA	2.614
"YMR066W"	898	NA	0	NA	NA	NA	9.7	6.13
"YMR067C"	416	NA	-0.2	NA	NA	NA	23.8	47.938
"YMR068W"	426	NA	0	NA	NA	NA	NA	6.887
"YMR069W"	285	NA	0	NA	NA	NA	5.3	3.248
"YMR070W"	490	0	-0.7	-5.4	184	0.385869565217391	33.1	38.68
"YMR071C"	167	0	-1.7	-7.9	59	0.406779661016949	29.7	173.691
"YMR072W"	183	0	0	-1.4	23	0.347826086956522	34.9	499.221
"YMR073C"	201	0	-2.1	-17.5	36	0.416666666666667	29.6	65.277
"YMR074C"	145	0	-2.4	-12.2	20	0.3	23.5	244.807
"YMR075W"	684	NA	0	NA	NA	NA	25.1	14.374
"YMR076C"	1277	NA	-0.6	NA	NA	NA	19.5	25.838
"YMR077C"	221	0	-1.5	-12.4	46	0.391304347826087	33.4	13.514
"YMR078C"	741	NA	-2.4	NA	NA	NA	30.6	11.927
"YMR079W"	304	0	0	-8.9	45	0.377777777777778	32.5	407.783
"YMR080C"	971	0	-0.3	-6.8	80	0.375	32.8	48.725
"YMR081C"	338	NA	-2	NA	NA	NA	NA	1.228
"YMR083W"	375	0	0	-10.3	32	0.40625	26.8	570.567
"YMR084W"	262	NA	0	NA	NA	NA	NA	0.586
"YMR085W"	432	NA	-9.6	NA	NA	NA	55.9	0.243
"YMR086W"	960	0	0	-0.9	70	0.385714285714286	27.7	37.847
"YMR087W"	284	NA	0	NA	NA	NA	32	19.192
"YMR088C"	562	1	-5.1	-5.3	143	0.356643356643357	30	35.937
"YMR089C"	825	NA	-0.5	NA	NA	NA	26.3	37.062
"YMR090W"	227	NA	-1.1	NA	NA	NA	NA	22.788
"YMR091C"	435	NA	-3.4	NA	NA	NA	NA	90.517
"YMR092C"	615	0	-0.5	-2.4	33	0.393939393939394	21.3	172.538
"YMR093W"	513	0	0	-7.1	24	0.333333333333333	28.1	56.22
"YMR094W"	478	NA	-1.4	NA	NA	NA	NA	5.062
"YMR095C"	224	NA	0	NA	NA	NA	NA	43.657
"YMR096W"	297	NA	0	NA	NA	NA	NA	311.361
"YMR097C"	367	2	-0.5	-4.2	51	0.411764705882353	29.3	18.162
"YMR098C"	612	NA	-1.4	NA	NA	NA	35.2	16.366
"YMR099C"	297	0	0	-6.6	24	0.333333333333333	21.2	396.056
"YMR100W"	620	0	0	-7.5	388	0.40979381443299	37.4	16.246
"YMR101C"	343	NA	-2.4	NA	NA	NA	NA	1.968
"YMR102C"	834	NA	-3.8	NA	NA	NA	23.1	14.911
"YMR104C"	677	NA	-1.5	NA	NA	NA	NA	7.848
"YMR105C"	569	NA	-0.9	NA	NA	NA	NA	122.976
"YMR106C"	629	1	0	-11	41	0.390243902439024	25.1	8.769
"YMR107W"	115	NA	0	NA	NA	NA	NA	8.269
"YMR108W"	687	0	-0.7	-8.2	210	0.380952380952381	27.4	756.549
"YMR109W"	1219	NA	0	NA	NA	NA	NA	61.767
"YMR110C"	532	0	0	-5.9	10	0.5	28.9	66.577
"YMR111C"	462	NA	0	NA	NA	NA	NA	6.483
"YMR112C"	131	NA	-0.4	NA	NA	NA	NA	49.401
"YMR113W"	427	2	-1	-10.8	93	0.354838709677419	29.6	26.381
"YMR114C"	368	NA	0	NA	NA	NA	40.6	8.916
"YMR115W"	501	NA	-1.9	NA	NA	NA	5.4	28.499
"YMR116C"	319	0	-1.8	-7.3	30	0.4	22.8	4774.788
"YMR117C"	213	0	-1.1	-7.4	29	0.379310344827586	82.5	27.496
"YMR118C"	196	NA	-1.9	NA	NA	NA	NA	0
"YMR119W"	624	NA	-1.9	NA	NA	NA	26.2	28.126
"YMR120C"	592	NA	0	NA	NA	NA	27.4	125.394
"YMR122W-A"	84	0	0	-0.3	45	0.377777777777778	22.9	2319.424
"YMR123W"	122	0	-1.3	-9.2	29	0.379310344827586	34	189.62
"YMR124W"	943	NA	-0.1	NA	NA	NA	31.2	25.527
"YMR125W"	861	NA	-1.1	NA	NA	NA	23.2	83.24
"YMR126C"	342	NA	-3.4	NA	NA	NA	16.8	7.893
"YMR127C"	338	1	-3	-12.1	102	0.343137254901961	29	11.819
"YMR128W"	1267	NA	0	NA	NA	NA	NA	30.746
"YMR129W"	1337	0	-3.3	-9.7	59	0.406779661016949	27.6	35.189
"YMR130W"	302	1	-1	-10.8	94	0.361702127659574	32	44.417
"YMR132C"	208	0	-3.8	-6.8	111	0.333333333333333	36.4	22.293
"YMR133W"	428	NA	0	NA	NA	NA	NA	0.245
"YMR134W"	237	0	-2.1	-5.7	30	0.4	29.8	35.625
"YMR135C"	455	NA	-5.1	NA	NA	NA	49	19.506
"YMR136W"	560	NA	0	NA	NA	NA	43	40.499
"YMR137C"	661	NA	-4.6	NA	NA	NA	26.5	5.382
"YMR138W"	191	0	0	-10.9	1	1	28.2	16.777
"YMR139W"	370	NA	-3.2	NA	NA	NA	NA	41.956
"YMR140W"	489	NA	0	NA	NA	NA	29	26.053
"YMR144W"	342	NA	-1.2	NA	NA	NA	20.3	27.472
"YMR145C"	560	1	0	-5.9	204	0.382352941176471	33.1	102.049
"YMR146C"	347	0	0	-3.9	39	0.41025641025641	27	474.382
"YMR147W"	223	0	0	-5	25	0.36	NA	25.667
"YMR148W"	148	NA	0	NA	NA	NA	NA	40.003
"YMR149W"	286	NA	0	NA	NA	NA	2	214.398
"YMR150C"	190	0	-0.2	-9.7	61	0.409836065573771	30.5	44.517
"YMR152W"	365	0	-1.3	-4.6	15	0.333333333333333	31.4	90.43
"YMR153W"	475	0	0	-4.2	44	0.363636363636364	31.7	54.587
"YMR154C"	727	NA	-2.9	NA	NA	NA	NA	4.685
"YMR155W"	547	NA	-2.4	NA	NA	NA	34.7	13.521
"YMR156C"	238	NA	-0.5	NA	NA	NA	25.3	14.964
"YMR157C"	255	NA	0	NA	NA	NA	28.5	41.881
"YMR158W"	155	0	-2	-8	8	0.625	26.3	73.572
"YMR159C"	150	NA	-6.3	NA	NA	NA	NA	15.025
"YMR160W"	816	NA	-1.4	NA	NA	NA	NA	9.022
"YMR161W"	224	0	-2.9	-10.9	50	0.42	20.7	84.599
"YMR162C"	1656	NA	-2.5	NA	NA	NA	NA	9.959
"YMR163C"	705	NA	0	NA	NA	NA	19.6	6.035
"YMR165C"	862	0	-2.3	-6	90	0.366666666666667	25.9	11.772
"YMR166C"	368	NA	-1.8	NA	NA	NA	5.1	14.577
"YMR167W"	769	0	0	-5.1	20	0.3	38.9	8.453
"YMR168C"	608	0	-3.2	-8.9	13	0.384615384615385	34.5	8.541
"YMR171C"	550	1	-0.5	-7.5	164	0.378048780487805	32.1	25.362
"YMR172W"	719	NA	-1.1	NA	NA	NA	NA	7.474
"YMR174C"	68	NA	0	NA	NA	NA	NA	25.076
"YMR175W"	79	NA	-1.4	NA	NA	NA	NA	5.69
"YMR176W"	1411	NA	0	NA	NA	NA	43.1	5.796
"YMR177W"	510	NA	0	NA	NA	NA	22.3	15.608
"YMR178W"	274	NA	-3.5	NA	NA	NA	34.1	106.943
"YMR179W"	758	NA	-0.6	NA	NA	NA	31.1	10.049
"YMR180C"	320	NA	0	NA	NA	NA	NA	8.893
"YMR181C"	154	NA	-1.1	NA	NA	NA	NA	34.769
"YMR182C"	211	NA	-4.2	NA	NA	NA	NA	1.435
"YMR182W-A"	28	NA	0	NA	NA	NA	NA	0
"YMR183C"	295	0	-2.7	-7.9	78	0.371794871794872	28.6	254.32
"YMR184W"	198	0	0	-5	49	0.408163265306122	25.8	75.065
"YMR185W"	981	NA	-0.6	NA	NA	NA	24.6	8.294
"YMR187C"	431	0	-1.4	-6.9	62	0.403225806451613	82.5	9.485
"YMR188C"	237	NA	-1.7	NA	NA	NA	30.1	54.081
"YMR189W"	1034	NA	-4.2	NA	NA	NA	18.8	81.451
"YMR190C"	1447	NA	-1.9	NA	NA	NA	3.3	5.17
"YMR191W"	373	0	-0.2	-21.1	14	0.357142857142857	28.4	38.14
"YMR192W"	720	2	0	-10.6	90	0.366666666666667	31.5	25.495
"YMR193W"	258	NA	0	NA	NA	NA	38.5	48.361
"YMR194C-B"	73	NA	-1.2	NA	NA	NA	NA	29.142
"YMR195W"	127	NA	0	NA	NA	NA	30.9	164.833
"YMR196W"	1088	NA	-1	NA	NA	NA	29	33.511
"YMR197C"	217	1	-0.9	-5.1	34	0.382352941176471	35.5	94.356
"YMR198W"	594	NA	0	NA	NA	NA	NA	12.748
"YMR199W"	546	NA	0	NA	NA	NA	27.9	33.863
"YMR200W"	256	0	0	-5.6	93	0.354838709677419	29.4	144.749
"YMR201C"	371	0	-2.9	-5.8	16	0.3125	32.4	11.796
"YMR202W"	222	NA	0	NA	NA	NA	5.8	395.519
"YMR203W"	387	0	0	-6.8	29	0.379310344827586	30.8	339.58
"YMR204C"	420	NA	0	NA	NA	NA	NA	11.47
"YMR205C"	959	0	-1.4	-7.7	56	0.392857142857143	22.9	925.89
"YMR206W"	313	9	0	-9.5	386	0.411917098445596	39.4	0.826
"YMR207C"	2123	NA	-2.1	NA	NA	NA	NA	2.112
"YMR208W"	443	0	-2	-7.9	19	0.263157894736842	16.2	83.257
"YMR209C"	457	0	-0.3	-15.4	12	0.416666666666667	31.6	25.515
"YMR210W"	449	NA	-4.7	NA	NA	NA	NA	25.485
"YMR211W"	475	0	-1.2	-7.3	19	0.263157894736842	35.5	10.076
"YMR212C"	782	0	-6.6	-4.8	83	0.36144578313253	30.7	39.739
"YMR213W"	590	NA	0	NA	NA	NA	32	13.819
"YMR214W"	377	0	-3.5	-7.7	20	0.3	25.5	76.611
"YMR215W"	524	0	-0.7	-8.5	35	0.4	30.2	176.104
"YMR216C"	742	0	0	-8.2	168	0.386904761904762	46.5	39.896
"YMR217W"	525	0	0	-5.3	94	0.361702127659574	24.3	538.192
"YMR218C"	1102	NA	-1.6	NA	NA	NA	23.1	12.215
"YMR219W"	1658	NA	0	NA	NA	NA	NA	15.051
"YMR220W"	451	0	-1.4	-11	19	0.263157894736842	25.4	72.055
"YMR221C"	504	0	-4.3	-22.9	14	0.357142857142857	29.9	56.356
"YMR222C"	223	0	-2	-8.4	29	0.379310344827586	29.3	71.55
"YMR223W"	471	NA	0	NA	NA	NA	30.7	24.782
"YMR224C"	692	NA	-0.7	NA	NA	NA	28.7	9.372
"YMR225C"	98	NA	-2.8	NA	NA	NA	NA	111.568
"YMR226C"	267	0	0	-8.4	33	0.393939393939394	24.2	423.549
"YMR227C"	590	0	-2.8	-4	19	0.263157894736842	21.6	18.934
"YMR228W"	341	0	-2.4	-10.1	30	0.4	33.2	20.396
"YMR229C"	1729	0	-0.4	-8.9	103	0.339805825242718	22.6	153.119
"YMR230W-A"	62	NA	0	NA	NA	NA	33.7	0
"YMR231W"	1029	NA	-0.4	NA	NA	NA	NA	21.397
"YMR232W"	677	NA	-2.1	NA	NA	NA	35.3	0.942
"YMR233W"	226	NA	0	NA	NA	NA	NA	20.639
"YMR234W"	348	1	-3.4	-6.3	116	0.353448275862069	29.4	13.734
"YMR235C"	407	0	-5.2	-15	25	0.36	22	243.369
"YMR236W"	157	0	-0.2	-8	21	0.333333333333333	34.1	171.467
"YMR237W"	724	0	-3	-6.9	72	0.388888888888889	25.6	81.291
"YMR238W"	458	NA	0	NA	NA	NA	25.9	76.956
"YMR239C"	471	NA	0	NA	NA	NA	NA	13.731
"YMR240C"	436	NA	-5.2	NA	NA	NA	22.6	14.913
"YMR241W"	314	0	-2.7	-4.6	214	0.383177570093458	27.9	307.372
"YMR242W-A"	29	NA	0	NA	NA	NA	NA	0
"YMR243C"	442	0	-0.7	-9.1	18	0.277777777777778	30.4	181.12
"YMR244C-A"	104	NA	0	NA	NA	NA	NA	87.523
"YMR244W"	355	NA	-1.9	NA	NA	NA	NA	0.146
"YMR246W"	694	0	-2.6	-7.6	228	0.37719298245614	25.5	199.78
"YMR247C"	1562	NA	-1.6	NA	NA	NA	26.3	29.932
"YMR250W"	585	0	-0.9	-7.5	44	0.363636363636364	33.1	70.213
"YMR251W"	366	NA	-5.1	NA	NA	NA	NA	1.138
"YMR251W-A"	59	NA	0	NA	NA	NA	2.5	4450.564
"YMR252C"	134	0	-1.2	-7.5	64	0.40625	35.8	6.504
"YMR253C"	414	NA	0	NA	NA	NA	22.7	26.292
"YMR255W"	188	NA	0	NA	NA	NA	NA	54.794
"YMR256C"	60	0	0	-3.3	58	0.396551724137931	23.5	326.634
"YMR257C"	800	NA	0	NA	NA	NA	NA	4.266
"YMR258C"	553	NA	0	NA	NA	NA	33.4	23.126
"YMR259C"	1420	NA	-0.3	NA	NA	NA	21.8	18.302
"YMR260C"	153	0	-2.7	-3.9	26	0.384615384615385	22.8	987.923
"YMR261C"	1054	0	-0.7	-3.9	28	0.392857142857143	25.4	82.726
"YMR262W"	313	0	-2.2	-4.9	11	0.454545454545455	31.4	20.807
"YMR263W"	201	NA	-0.7	NA	NA	NA	28.8	51.271
"YMR264W"	203	0	-1.3	-10.6	47	0.382978723404255	18.7	108.3
"YMR265C"	461	0	-2.1	-9.9	4	0.75	28.6	9.231
"YMR266W"	953	0	-2.6	-8.6	18	0.277777777777778	30.4	53.616
"YMR267W"	310	1	-1.6	-9.4	73	0.383561643835616	36.8	42.329
"YMR268C"	444	0	-2.3	-8.9	25	0.36	41.9	11.699
"YMR269W"	211	1	-0.5	-4.9	40	0.4	28.8	24.629
"YMR270C"	365	1	-2	-10.3	142	0.359154929577465	30.8	9.557
"YMR271C"	227	NA	0	NA	NA	NA	50.2	9.383
"YMR272C"	384	0	-2.6	-10.5	40	0.4	34	218.48
"YMR274C"	315	1	-4.8	-11.4	48	0.395833333333333	34.7	23.8
"YMR275C"	976	NA	-2.6	NA	NA	NA	23.5	22.869
"YMR276W"	373	0	0	-6	39	0.41025641025641	30.7	355.553
"YMR277W"	732	NA	-2.1	NA	NA	NA	NA	25.014
"YMR278W"	622	0	-1.1	-6.3	41	0.390243902439024	28	43.131
"YMR279C"	540	NA	-1.3	NA	NA	NA	NA	0.196
"YMR280C"	1433	NA	-1	NA	NA	NA	NA	1.239
"YMR281W"	304	NA	-2.6	NA	NA	NA	19.8	31.577
"YMR282C"	580	NA	0	NA	NA	NA	35.7	12.043
"YMR283C"	513	NA	-0.4	NA	NA	NA	NA	10.381
"YMR284W"	602	NA	-2.9	NA	NA	NA	NA	11.703
"YMR285C"	515	0	-2.9	-8.2	9	0.555555555555556	40.1	29.08
"YMR286W"	86	0	-0.3	-13.2	18	0.277777777777778	27.2	101.278
"YMR287C"	969	NA	-6.6	NA	NA	NA	23.9	6.296
"YMR288W"	971	0	0	-11.1	14	0.357142857142857	18.9	14.662
"YMR289W"	374	NA	0	NA	NA	NA	NA	34.977
"YMR290C"	505	0	-0.3	-3.9	46	0.391304347826087	30.8	176.257
"YMR291W"	586	0	0	-4.8	84	0.369047619047619	34.2	76.058
"YMR292W"	138	0	-0.2	-13.8	11	0.454545454545455	24.8	141.142
"YMR293C"	464	NA	-4	NA	NA	NA	24.2	7.928
"YMR294W"	373	NA	-1.8	NA	NA	NA	32.4	9.64
"YMR295C"	197	0	-0.4	-2.6	56	0.392857142857143	24	330.71
"YMR296C"	558	NA	0	NA	NA	NA	NA	95.205
"YMR297W"	532	NA	-0.3	NA	NA	NA	NA	413.848
"YMR298W"	150	0	-0.9	-3.5	23	0.347826086956522	21.1	280.578
"YMR299C"	312	1	0	-13.6	11	0.454545454545455	35.9	15.238
"YMR300C"	510	0	-0.3	-8	84	0.369047619047619	25.4	99.541
"YMR301C"	690	0	-1.4	-5.1	40	0.4	26.5	22.418
"YMR302C"	850	NA	-1.2	NA	NA	NA	30.6	28.643
"YMR304W"	1230	0	-1.2	-13.1	197	0.380710659898477	27.3	43.886
"YMR305C"	389	0	0	-3	125	0.352	27.9	373.066
"YMR306W"	1785	NA	0	NA	NA	NA	5.1	0.151
"YMR307W"	559	NA	0	NA	NA	NA	4	1612.08
"YMR308C"	1089	NA	-2.1	NA	NA	NA	24.3	93.697
"YMR309C"	812	0	0	-6.9	57	0.385964912280702	25.1	233.741
"YMR310C"	317	0	-2.6	-12	46	0.391304347826087	34.4	34.425
"YMR311C"	229	0	-0.6	-4.1	48	0.395833333333333	32.7	131.629
"YMR312W"	273	NA	0	NA	NA	NA	NA	54.69
"YMR313C"	642	NA	-0.2	NA	NA	NA	29.8	21.985
"YMR314W"	234	0	0	-6	44	0.363636363636364	30	269.299
"YMR315W"	349	0	-1.6	-6.5	103	0.339805825242718	25.8	317.85
"YMR316W"	336	NA	-0.1	NA	NA	NA	31.1	11.269
"YMR318C"	360	0	0	-3.1	45	0.377777777777778	31.7	335.305
"YMR319C"	552	NA	0	NA	NA	NA	5.9	9.477
"YNL001W"	386	0	0	-6.9	64	0.40625	30.6	52.726
"YNL002C"	322	0	0	-6.1	42	0.380952380952381	32	164.603
"YNL003C"	284	1	-0.5	-3.2	42	0.380952380952381	36	25.349
"YNL004W"	454	0	0	-8	24	0.333333333333333	34.6	69.051
"YNL005C"	371	0	-3.4	-11.1	46	0.391304347826087	31.3	59.12
"YNL006W"	303	0	-2.1	-10.1	11	0.454545454545455	26.1	44.789
"YNL007C"	352	0	-0.6	-9.7	128	0.3515625	18.1	572.2
"YNL008C"	676	NA	-0.4	NA	NA	NA	43.9	21.613
"YNL009W"	420	NA	-1.1	NA	NA	NA	NA	4.239
"YNL010W"	241	0	0	-5.8	40	0.4	24	622.421
"YNL011C"	444	0	-3.9	-15.6	21	0.333333333333333	32.4	19.026
"YNL012W"	631	NA	0	NA	NA	NA	NA	0
"YNL015W"	75	0	0	-8.7	67	0.388059701492537	27.8	437.689
"YNL016W"	453	NA	-0.1	NA	NA	NA	0.7	651.181
"YNL020C"	638	NA	-0.6	NA	NA	NA	30	8.981
"YNL021W"	706	0	-1.9	-5.4	66	0.393939393939394	28.4	29.304
"YNL022C"	490	NA	-1.4	NA	NA	NA	29	27.721
"YNL023C"	965	0	-1.4	-12.7	50	0.42	35.2	13.753
"YNL024C"	246	0	-2	-12.7	22	0.363636363636364	30.1	2.694
"YNL024C-A"	72	0	-1	-10.2	80	0.375	38.9	216.733
"YNL025C"	323	0	-0.9	-13.3	1	1	16.6	8.655
"YNL026W"	484	0	0	-9.8	24	0.333333333333333	30.8	35.012
"YNL027W"	678	NA	-0.1	NA	NA	NA	NA	31.268
"YNL029C"	522	NA	-1.2	NA	NA	NA	32.5	7.782
"YNL032W"	281	0	-2	-11	129	0.348837209302326	29.9	26.884
"YNL035C"	389	NA	-3.3	NA	NA	NA	NA	53.544
"YNL036W"	221	NA	0	NA	NA	NA	NA	199.279
"YNL037C"	360	0	-1.2	-4.9	114	0.350877192982456	26.7	184.562
"YNL038W"	229	1	0	-3.8	13	0.384615384615385	35	22.16
"YNL039W"	594	NA	-5	NA	NA	NA	26.9	26.922
"YNL040W"	456	NA	-1.1	NA	NA	NA	25.6	33.4
"YNL041C"	839	0	-2.3	-4.3	72	0.388888888888889	25.2	26.657
"YNL042W"	396	NA	-3.6	NA	NA	NA	37.5	6.464
"YNL044W"	176	0	0	-7.4	72	0.388888888888889	32.5	287.641
"YNL045W"	671	NA	-3	NA	NA	NA	NA	84.073
"YNL046W"	172	NA	-2.2	NA	NA	NA	NA	23.949
"YNL047C"	656	0	-1.3	-11	30	0.4	26	10.116
"YNL048W"	548	0	-1.7	-10.6	19	0.263157894736842	33.3	37.889
"YNL049C"	876	NA	0	NA	NA	NA	28.7	30.309
"YNL050C"	270	NA	-0.7	NA	NA	NA	NA	33.423
"YNL051W"	403	NA	0	NA	NA	NA	35.9	28.019
"YNL052W"	153	0	0	-6.3	35	0.4	29.2	225.884
"YNL053W"	489	0	-2.5	-4.3	1	1	35.8	21.747
"YNL054W"	1165	10	-3.2	-6.3	1118	0.401610017889088	23.7	16.032
"YNL055C"	283	0	0	-1.2	40	0.4	28.1	1880.051
"YNL056W"	197	1	-1.3	-5.2	44	0.363636363636364	38.7	63.187
"YNL059C"	755	0	-0.8	-12.3	35	0.4	23.8	34.991
"YNL061W"	618	NA	0	NA	NA	NA	28.4	80.029
"YNL062C"	478	0	-0.2	-7.2	44	0.363636363636364	28.1	52.275
"YNL063W"	314	NA	0	NA	NA	NA	9.9	9.713
"YNL064C"	409	0	0	-2.42	194	0.381443298969072	25.5	686.391
"YNL065W"	586	NA	-7.7	NA	NA	NA	NA	17.614
"YNL066W"	420	5	-1.4	-1.6	554	0.411552346570397	30.1	341.22
"YNL067W-B"	46	NA	-3.4	NA	NA	NA	NA	0
"YNL068C"	862	NA	-2.3	NA	NA	NA	NA	20.817
"YNL069C"	198	0	-1.6	-7.4	16	0.3125	18.7	4463.064
"YNL070W"	60	0	0	-3.7	54	0.407407407407407	20.4	643.326
"YNL071W"	482	NA	0	NA	NA	NA	26.7	549.229
"YNL072W"	307	0	0	-7.5	27	0.37037037037037	33.2	29.098
"YNL073W"	576	NA	-5.2	NA	NA	NA	40.8	14.88
"YNL074C"	452	0	-4.3	-10	47	0.382978723404255	25.9	76.315
"YNL075W"	290	0	0	-6.3	78	0.371794871794872	26.9	65.859
"YNL076W"	584	1	0	-10.5	236	0.377118644067797	21.9	14.954
"YNL077W"	528	NA	-1	NA	NA	NA	35.5	13.593
"YNL078W"	407	0	-0.9	-12.6	10	0.5	31.4	42.532
"YNL079C"	199	0	0	-2.4	41	0.390243902439024	20.6	576.531
"YNL080C"	366	0	-4.4	-9.5	173	0.38728323699422	26.1	26.034
"YNL081C"	143	0	-0.9	-8.2	35	0.4	29.9	96.49
"YNL082W"	873	NA	-1.3	NA	NA	NA	NA	13.584
"YNL083W"	494	1	-3.8	-14.4	11	0.454545454545455	31.3	11.193
"YNL084C"	349	0	-2.1	-12.2	55	0.4	32.3	122.823
"YNL085W"	830	NA	-0.2	NA	NA	NA	3.1	121.845
"YNL086W"	102	NA	0	NA	NA	NA	NA	41.747
"YNL087W"	1178	0	0	-11.4	146	0.363013698630137	20.7	47.573
"YNL088W"	1428	NA	-0.6	NA	NA	NA	NA	43.712
"YNL090W"	192	0	-1.3	-12.1	146	0.363013698630137	21.6	79.31
"YNL091W"	1240	NA	-3.5	NA	NA	NA	0.3	22.18
"YNL092W"	400	NA	-0.7	NA	NA	NA	39.9	6.794
"YNL093W"	220	NA	-1.3	NA	NA	NA	NA	3.22
"YNL094W"	587	1	-2.1	-7.7	274	0.372262773722628	42.7	8.206
"YNL095C"	642	NA	-2.9	NA	NA	NA	32.4	8.017
"YNL097C"	330	0	-1.8	-6.3	78	0.371794871794872	34.5	21.357
"YNL097C-B"	40	NA	-1.2	NA	NA	NA	NA	15.371
"YNL099C"	238	NA	-1.9	NA	NA	NA	6.5	82.086
"YNL100W"	234	0	0	-5.7	51	0.411764705882353	27.7	63.416
"YNL101W"	713	NA	0	NA	NA	NA	25.2	21.039
"YNL102W"	1468	NA	0	NA	NA	NA	26	32.011
"YNL103W"	672	NA	0	NA	NA	NA	21.5	29.881
"YNL104C"	619	NA	-3.5	NA	NA	NA	5.5	790.293
"YNL106C"	1183	NA	0	NA	NA	NA	17.2	8.123
"YNL107W"	226	NA	-0.4	NA	NA	NA	NA	29.388
"YNL108C"	270	NA	-0.9	NA	NA	NA	NA	98.94
"YNL110C"	220	0	0	-1.2	39	0.41025641025641	33.4	147.215
"YNL111C"	120	0	0	-1.2	32	0.40625	33.6	171.682
"YNL112W"	546	0	-1.5	-5.9	31	0.419354838709677	26.7	245.653
"YNL113W"	142	0	-0.3	-6.4	49	0.408163265306122	25.6	207.92
"YNL115C"	644	NA	-7.1	NA	NA	NA	27.1	37.574
"YNL116W"	522	NA	-0.7	NA	NA	NA	36.4	37.292
"YNL117W"	554	NA	0	NA	NA	NA	NA	0.572
"YNL118C"	970	0	0	-10.3	64	0.40625	29.9	58.706
"YNL119W"	493	NA	-0.5	NA	NA	NA	27.5	20.722
"YNL121C"	617	0	-2.3	-11.3	49	0.408163265306122	26.3	162.2
"YNL122C"	115	NA	-2.6	NA	NA	NA	NA	75.25
"YNL123W"	997	0	-1.6	-7.7	22	0.363636363636364	27.1	74.113
"YNL124W"	492	NA	-7.5	NA	NA	NA	NA	26.435
"YNL125C"	673	NA	-0.8	NA	NA	NA	NA	19.102
"YNL126W"	846	NA	-6	NA	NA	NA	50.1	13.189
"YNL127W"	953	NA	-0.4	NA	NA	NA	31.9	13.53
"YNL128W"	434	NA	-1.3	NA	NA	NA	NA	2.778
"YNL129W"	240	NA	-1.5	NA	NA	NA	5.6	79.113
"YNL130C"	393	1	-2.4	-10.1	43	0.372093023255814	28.6	215.807
"YNL130C-A"	48	NA	-5	NA	NA	NA	32.1	0.842
"YNL131W"	152	0	0	-2.2	48	0.395833333333333	25.5	618.409
"YNL132W"	1056	NA	-2.4	NA	NA	NA	NA	73.691
"YNL133C"	173	NA	-0.4	NA	NA	NA	31.3	32.147
"YNL134C"	376	NA	-0.7	NA	NA	NA	31.5	400.39
"YNL135C"	114	0	0	-4.9	18	0.277777777777778	24.6	1813.15
"YNL136W"	425	1	0	-7.6	10	0.5	25.3	12.942
"YNL137C"	486	NA	-1.3	NA	NA	NA	34	55.233
"YNL138W"	526	0	-0.9	-12.1	32	0.40625	26.7	371.777
"YNL138W-A"	85	NA	-0.1	NA	NA	NA	NA	38.018
"YNL139C"	1597	0	0	-9.3	97	0.360824742268041	NA	24.256
"YNL141W"	347	NA	0	NA	NA	NA	29.8	105.086
"YNL142W"	499	NA	0	NA	NA	NA	37.4	9.29
"YNL144C"	740	NA	0	NA	NA	NA	NA	2.23
"YNL145W"	38	NA	0	NA	NA	NA	7	3131.899
"YNL146C-A"	64	NA	-0.9	NA	NA	NA	25.8	6.074
"YNL146W"	100	NA	-0.5	NA	NA	NA	NA	10.266
"YNL147W"	115	NA	0	NA	NA	NA	23.6	181.509
"YNL148C"	254	1	0	-11.9	12	0.416666666666667	38	23.331
"YNL149C"	129	1	-1.1	-8.7	34	0.382352941176471	25	199.568
"YNL151C"	251	NA	0	NA	NA	NA	17.6	74.032
"YNL152W"	409	0	-2.2	-13.7	22	0.363636363636364	34.7	25.195
"YNL153C"	129	0	0	-9	23	0.347826086956522	29.1	181.629
"YNL154C"	546	NA	-0.7	NA	NA	NA	NA	133.808
"YNL155W"	274	NA	0	NA	NA	NA	21	83.531
"YNL156C"	299	NA	-0.9	NA	NA	NA	31.3	57.946
"YNL158W"	198	0	0	-7.8	5	0.6	NA	52.748
"YNL159C"	289	0	-4.9	-13.2	22	0.363636363636364	35.2	38.826
"YNL160W"	354	0	0	-1.3	56	0.392857142857143	35.1	600.101
"YNL161W"	756	NA	-4	NA	NA	NA	NA	35.017
"YNL162W-A"	72	NA	-0.6	NA	NA	NA	NA	28.857
"YNL163C"	1110	NA	0	NA	NA	NA	NA	26.479
"YNL164C"	351	NA	0	NA	NA	NA	NA	18.36
"YNL165W"	406	NA	-0.4	NA	NA	NA	NA	14.554
"YNL166C"	448	0	-2.5	-8.2	11	0.454545454545455	31.4	68.771
"YNL167C"	647	0	-2.1	-8.8	345	0.408695652173913	35.5	27.971
"YNL168C"	259	0	-0.3	-5.6	57	0.385964912280702	26.1	107.232
"YNL169C"	500	0	0	-13	108	0.324074074074074	30.6	72.386
"YNL172W"	1748	NA	0	NA	NA	NA	NA	5.892
"YNL173C"	366	NA	-2.2	NA	NA	NA	NA	64.018
"YNL175C"	403	0	-1.6	-9.8	24	0.333333333333333	29	131.795
"YNL176C"	636	0	-3.6	-2.5	190	0.389473684210526	25.5	25.607
"YNL177C"	309	0	-2.3	-4.6	50	0.42	29	65.862
"YNL178W"	240	0	0	-6.7	19	0.263157894736842	22	5948.127
"YNL180C"	331	NA	-1	NA	NA	NA	27.8	92.698
"YNL181W"	407	0	0	-6.3	70	0.385714285714286	31.9	49.984
"YNL182C"	555	0	0	-6.6	14	0.357142857142857	30.3	31.235
"YNL183C"	790	NA	0	NA	NA	NA	29.1	32.528
"YNL185C"	158	0	-2.3	-8.9	80	0.375	31.4	69.815
"YNL186W"	792	NA	-2.2	NA	NA	NA	37.2	36.689
"YNL187W"	357	NA	-1.5	NA	NA	NA	NA	1.02
"YNL188W"	433	NA	0	NA	NA	NA	32.1	13.438
"YNL189W"	542	0	0	-5.8	193	0.383419689119171	29.7	272.357
"YNL191W"	357	1	0	-4.1	63	0.412698412698413	26.9	26.661
"YNL192W"	1131	0	-2.2	-11.7	162	0.376543209876543	25.2	50.707
"YNL193W"	558	NA	-0.7	NA	NA	NA	28.7	26.335
"YNL194C"	301	NA	0	NA	NA	NA	NA	2.228
"YNL195C"	261	NA	-1.1	NA	NA	NA	NA	5.686
"YNL196C"	298	NA	0	NA	NA	NA	NA	0.173
"YNL197C"	661	NA	-3.3	NA	NA	NA	NA	55.51
"YNL199C"	534	1	-5.2	-9.1	120	0.358333333333333	32.1	29.263
"YNL200C"	246	0	0	-5	101	0.346534653465347	34.2	46.84
"YNL201C"	858	NA	-2.1	NA	NA	NA	1	24.46
"YNL202W"	292	2	-2.4	-12.3	19	0.263157894736842	31.6	12.875
"YNL204C"	300	NA	-1.7	NA	NA	NA	NA	0
"YNL206C"	455	0	-0.9	-9.8	8	0.625	33.6	32.433
"YNL207W"	425	0	0	-5.4	109	0.330275229357798	34.9	67.915
"YNL208W"	199	0	-3.4	-5.8	12	0.416666666666667	28.5	970.309
"YNL210W"	270	NA	-2.7	NA	NA	NA	NA	0
"YNL211C"	86	1	-0.5	-10.3	66	0.393939393939394	40.9	9.544
"YNL212W"	782	NA	-1.6	NA	NA	NA	24.6	43.556
"YNL213C"	214	0	-1.2	-10.2	103	0.339805825242718	38.4	15.34
"YNL214W"	199	NA	-0.9	NA	NA	NA	0.4	29.281
"YNL215W"	320	NA	-2.4	NA	NA	NA	20.8	41.719
"YNL216W"	827	NA	-1.1	NA	NA	NA	21.4	80.142
"YNL217W"	326	0	-2.5	-10	28	0.392857142857143	24.5	26.054
"YNL218W"	587	0	-4.8	-7.8	10	0.5	43.2	12.896
"YNL219C"	555	0	-4.8	-4.5	73	0.383561643835616	22.4	64.755
"YNL220W"	433	0	0	-12.4	92	0.358695652173913	26.5	224.818
"YNL221C"	875	0	-4	-9.5	83	0.36144578313253	32.6	14.775
"YNL222W"	206	0	-3.5	-7.8	38	0.394736842105263	31.6	65.522
"YNL223W"	494	0	-5.9	-9.6	5	0.6	NA	9.488
"YNL224C"	767	0	-1	-11.4	93	0.354838709677419	17.9	19.312
"YNL225C"	581	NA	-2.3	NA	NA	NA	NA	15.667
"YNL227C"	590	NA	-0.7	NA	NA	NA	36.6	15.973
"YNL229C"	354	NA	-1.5	NA	NA	NA	0.6	77.106
"YNL230C"	379	NA	-4.5	NA	NA	NA	NA	7.843
"YNL231C"	351	NA	0	NA	NA	NA	NA	140.959
"YNL232W"	292	NA	-1.2	NA	NA	NA	NA	59.965
"YNL233W"	892	NA	-0.1	NA	NA	NA	NA	22.526
"YNL234W"	426	0	-2.9	-13	63	0.412698412698413	27.3	9.1
"YNL236W"	974	0	-2	-17.7	34	0.382352941176471	30	18.409
"YNL237W"	459	NA	-2.7	NA	NA	NA	NA	4.235
"YNL238W"	814	NA	0	NA	NA	NA	5.6	29.885
"YNL239W"	454	1	-1.4	-11.8	151	0.357615894039735	23	195.703
"YNL240C"	491	0	-0.3	-9.8	13	0.384615384615385	33.5	22.412
"YNL241C"	505	0	-0.9	-4.9	60	0.4	32.7	231.148
"YNL242W"	1592	NA	0	NA	NA	NA	7.5	8.866
"YNL243W"	968	NA	-3.2	NA	NA	NA	31.8	95.204
"YNL244C"	108	0	0	-5.5	34	0.382352941176471	31	959.377
"YNL245C"	179	0	0	-11.6	20	0.3	40.4	23.093
"YNL246W"	264	0	-3.1	-10.6	5	0.6	34.8	50.818
"YNL247W"	767	NA	0	NA	NA	NA	NA	199.092
"YNL248C"	415	NA	0	NA	NA	NA	25	142.886
"YNL249C"	542	0	-0.5	-11.9	23	0.347826086956522	31.8	6.334
"YNL250W"	1312	NA	0	NA	NA	NA	NA	4.343
"YNL251C"	575	0	0	-4.3	273	0.36996336996337	33.7	82.348
"YNL252C"	281	0	-1.4	-9.9	21	0.333333333333333	24.3	42.612
"YNL253W"	422	0	0	-9.2	33	0.393939393939394	26.9	23.579
"YNL254C"	401	NA	-1	NA	NA	NA	54.4	8.342
"YNL255C"	153	NA	0	NA	NA	NA	4.1	889.098
"YNL256W"	824	NA	-2	NA	NA	NA	NA	29.594
"YNL257C"	1229	1	-0.8	-9.5	57	0.385964912280702	31	11.057
"YNL258C"	754	0	-1.4	-8.7	9	0.555555555555556	29.5	26.419
"YNL259C"	73	0	0	-8.5	30	0.4	29.5	183.959
"YNL260C"	198	NA	0	NA	NA	NA	NA	38.04
"YNL261W"	479	NA	-2.4	NA	NA	NA	NA	22.515
"YNL262W"	2222	0	-1.4	-8.6	14	0.357142857142857	19.9	15.053
"YNL263C"	314	NA	-0.1	NA	NA	NA	3.4	116.561
"YNL264C"	350	NA	0	NA	NA	NA	39.1	57.458
"YNL265C"	298	0	0	-5.8	22	0.363636363636364	34.1	56.227
"YNL267W"	1066	0	-0.3	-8.9	100	0.35	31	18.554
"YNL268W"	611	NA	-0.5	NA	NA	NA	3.5	146.231
"YNL269W"	131	NA	-0.8	NA	NA	NA	NA	0
"YNL271C"	1953	NA	0	NA	NA	NA	0.3	16.832
"YNL272C"	759	0	-1.1	-8.6	97	0.360824742268041	21.9	21.476
"YNL273W"	1238	0	-6.1	-11.9	50	0.42	26.3	10.804
"YNL274C"	350	NA	0	NA	NA	NA	31.1	61.763
"YNL275W"	576	0	-1.8	-14.1	18	0.277777777777778	25.7	9.277
"YNL277W"	486	0	0	-4.6	111	0.333333333333333	24.4	22.093
"YNL278W"	1060	NA	-1.3	NA	NA	NA	NA	12.742
"YNL279W"	661	NA	0	NA	NA	NA	NA	4.097
"YNL280C"	438	0	-1.5	-6.7	62	0.403225806451613	33.5	100.337
"YNL281W"	153	NA	-0.5	NA	NA	NA	NA	386.955
"YNL282W"	195	0	-0.6	-6.5	25	0.36	0	24.433
"YNL283C"	503	0	-1.2	-7.4	352	0.409090909090909	28.7	31.637
"YNL284C"	322	NA	-1.5	NA	NA	NA	NA	65.584
"YNL286W"	285	0	-2.2	-7.4	84	0.369047619047619	34.7	16.963
"YNL287W"	935	0	0	-7.9	190	0.389473684210526	24.4	189.573
"YNL288W"	373	0	0	-12.4	142	0.359154929577465	30.5	53.787
"YNL289W"	279	0	0	-3.3	82	0.365853658536585	23.2	70.519
"YNL290W"	340	0	-3.4	-9.4	9	0.555555555555556	28.4	61.969
"YNL291C"	548	NA	-4.9	NA	NA	NA	32.5	26.898
"YNL292W"	403	0	-1.1	-11.1	10	0.5	34.7	42.807
"YNL293W"	633	0	-1.5	-8.8	65	0.4	29.6	14.078
"YNL294C"	533	NA	-3.8	NA	NA	NA	NA	8.914
"YNL295W"	524	NA	-2.8	NA	NA	NA	NA	10.673
"YNL297C"	1636	0	0	-8.3	48	0.395833333333333	30.8	20.719
"YNL298W"	842	0	0	-3.1	143	0.356643356643357	29.5	22.507
"YNL299W"	642	NA	-3.8	NA	NA	NA	32.5	9.505
"YNL300W"	102	0	0	-2	93	0.354838709677419	33	579.408
"YNL304W"	417	NA	-0.5	NA	NA	NA	NA	13.306
"YNL305C"	297	0	0	-5.5	32	0.40625	33.2	77.406
"YNL306W"	217	NA	-6.4	NA	NA	NA	27.4	142.349
"YNL307C"	375	0	0	-11.2	145	0.36551724137931	26.9	190.282
"YNL308C"	591	0	-0.2	-2.7	38	0.394736842105263	28.4	77.313
"YNL309W"	420	0	-2.8	-9.2	66	0.393939393939394	31.2	26.43
"YNL310C"	174	0	-2.2	-8.1	33	0.393939393939394	32.9	85.37
"YNL311C"	763	NA	0	NA	NA	NA	26.7	15.99
"YNL312W"	273	0	-2.6	-12.8	40	0.4	36.3	112.95
"YNL313C"	904	0	-2.9	-10.6	32	0.40625	27.1	35.123
"YNL314W"	255	NA	-5.5	NA	NA	NA	NA	16.231
"YNL315C"	318	0	0	-10.5	22	0.363636363636364	25.9	50.915
"YNL316C"	334	NA	0	NA	NA	NA	32.6	28.099
"YNL317W"	465	0	0	-4.5	1	1	23.8	18.423
"YNL320W"	284	0	-2.2	-7.9	90	0.366666666666667	29.1	49.611
"YNL321W"	908	0	-8.7	-14.6	31	0.419354838709677	44.5	28.318
"YNL322C"	313	0	0	-5.4	19	0.263157894736842	4.9	253.81
"YNL323W"	414	0	-0.8	-11.1	45	0.377777777777778	26.3	76.729
"YNL325C"	879	0	0	-16.6	10	0.5	29.4	9.603
"YNL326C"	336	0	-1.9	-14.2	33	0.393939393939394	30	19.759
"YNL327W"	1041	NA	0	NA	NA	NA	8.5	212.729
"YNL328C"	146	NA	-1.3	NA	NA	NA	25.7	12.717
"YNL329C"	1030	NA	0	NA	NA	NA	15.2	7.646
"YNL330C"	433	0	-1.4	-12.2	27	0.37037037037037	26.7	65.617
"YNR001C"	479	1	0	-9.5	152	0.361842105263158	32.5	184.734
"YNR002C"	282	NA	0	NA	NA	NA	NA	0.911
"YNR003C"	317	0	0	-6.5	30	0.4	33.4	54.167
"YNR004W"	146	NA	-5.4	NA	NA	NA	31.8	9.036
"YNR006W"	622	0	-1.3	-5.6	22	0.363636363636364	23.7	33.584
"YNR007C"	310	NA	-1.2	NA	NA	NA	26.7	20.498
"YNR008W"	661	0	-3.3	-9.7	32	0.40625	22.5	46.031
"YNR009W"	249	0	-0.2	-14.9	55	0.4	28.2	49.179
"YNR010W"	149	0	-1.6	-4.4	25	0.36	35.6	38.775
"YNR011C"	876	0	-1.9	-8.4	19	0.263157894736842	28.4	14.636
"YNR012W"	501	1	0	-3.4	93	0.354838709677419	32.5	26.08
"YNR013C"	894	NA	-1.3	NA	NA	NA	30.8	53.921
"YNR014W"	212	0	0	-10	13	0.384615384615385	NA	23.093
"YNR015W"	384	NA	0	NA	NA	NA	27.5	30.163
"YNR016C"	2233	1	-2.5	-6.9	596	0.414429530201342	22.9	545.003
"YNR017W"	222	0	0	-6.9	253	0.371541501976285	30.4	193.197
"YNR018W"	224	0	-3.1	-5.5	51	0.411764705882353	31.2	206.295
"YNR019W"	642	0	-0.4	-3.6	43	0.372093023255814	49.3	56.285
"YNR020C"	270	NA	-7.2	NA	NA	NA	NA	22.788
"YNR021W"	404	0	0	-6.8	28	0.392857142857143	31	242.775
"YNR022C"	139	0	-2	-12.1	26	0.384615384615385	28.1	101.767
"YNR023W"	566	0	-3.5	-7	41	0.390243902439024	26.5	18.78
"YNR024W"	186	0	0	-10	17	0.294117647058824	31.1	36.531
"YNR026C"	471	0	-3.4	-9.1	29	0.379310344827586	35.5	45.992
"YNR027W"	317	0	-5	-14.5	16	0.3125	15.5	19.415
"YNR028W"	308	NA	-0.1	NA	NA	NA	NA	58.351
"YNR029C"	429	NA	-2.8	NA	NA	NA	34.8	39.089
"YNR030W"	551	NA	-3.6	NA	NA	NA	22	73.843
"YNR031C"	1579	NA	-1.2	NA	NA	NA	NA	12.828
"YNR032C-A"	73	NA	-0.7	NA	NA	NA	NA	122.639
"YNR032W"	368	NA	-3.4	NA	NA	NA	23.3	18.398
"YNR033W"	787	0	-2	-9.5	7	0.714285714285714	25	25.402
"YNR034W"	321	1	0	-5.9	113	0.345132743362832	31.3	47.883
"YNR034W-A"	98	NA	0	NA	NA	NA	NA	31.334
"YNR035C"	342	0	-3.2	-2.7	9	0.555555555555556	21.2	207.03
"YNR036C"	153	0	-2.7	-17.1	16	0.3125	27	213.05
"YNR037C"	91	NA	-1.9	NA	NA	NA	NA	129.946
"YNR038W"	629	0	-5	-8.4	5	0.6	42	40.218
"YNR039C"	605	NA	-0.2	NA	NA	NA	22.4	21.717
"YNR040W"	256	NA	-3.7	NA	NA	NA	NA	26.155
"YNR041C"	372	0	-2.7	-10.7	47	0.382978723404255	31.2	39.639
"YNR043W"	396	0	-1.2	-4.5	14	0.357142857142857	28.9	239.962
"YNR044W"	725	NA	0	NA	NA	NA	NA	94.32
"YNR045W"	489	NA	-5.3	NA	NA	NA	26.2	10.443
"YNR046W"	135	NA	0	NA	NA	NA	NA	183.776
"YNR047W"	893	0	-2.6	-12	60	0.4	33.8	24.177
"YNR048W"	393	0	-2.1	-6.5	28	0.392857142857143	35.4	13.554
"YNR049C"	210	0	0	-3.5	31	0.419354838709677	35	34.825
"YNR050C"	446	0	-0.3	-8.9	40	0.4	25	185.32
"YNR051C"	515	NA	0	NA	NA	NA	2.3	48.944
"YNR052C"	433	0	-0.3	-3.7	58	0.396551724137931	26.8	61.259
"YNR053C"	486	0	-1.4	-7	55	0.4	43.3	88.806
"YNR054C"	316	NA	-2.9	NA	NA	NA	NA	51.384
"YNR055C"	586	1	0	-3.8	458	0.423580786026201	34	46.249
"YNR056C"	561	NA	-6.2	NA	NA	NA	NA	0.754
"YNR057C"	237	NA	0	NA	NA	NA	NA	9.014
"YNR058W"	480	NA	-2.2	NA	NA	NA	NA	2.411
"YNR059W"	580	NA	0	NA	NA	NA	NA	3.741
"YNR060W"	719	NA	-3.5	NA	NA	NA	NA	1.406
"YNR061C"	219	0	0	-7.6	69	0.376811594202899	28.2	109.725
"YNR062C"	327	NA	-2.8	NA	NA	NA	NA	0.158
"YNR063W"	607	0	-0.4	-11.2	17	0.294117647058824	34.5	5.325
"YNR064C"	290	NA	-1.6	NA	NA	NA	23	1.598
"YNR066C"	436	NA	-2	NA	NA	NA	NA	5.652
"YNR067C"	1117	NA	0	NA	NA	NA	28	138.586
"YNR068C"	272	NA	0	NA	NA	NA	NA	0
"YNR069C"	489	NA	-2.1	NA	NA	NA	NA	2.799
"YNR070W"	1333	NA	-5.7	NA	NA	NA	NA	0.242
"YNR071C"	342	NA	0	NA	NA	NA	NA	0.152
"YNR074C"	378	NA	0	NA	NA	NA	NA	30.622
"YNR075W"	374	NA	-3.2	NA	NA	NA	NA	6.967
"YOL001W"	293	NA	-4	NA	NA	NA	NA	7.032
"YOL002C"	317	0	-3.5	-10.8	8	0.625	31.2	60.693
"YOL003C"	378	0	-0.6	-12.9	16	0.3125	25.3	33.105
"YOL004W"	1536	NA	-1.2	NA	NA	NA	23.6	64.689
"YOL005C"	120	0	-3.3	-8.4	38	0.394736842105263	25.8	290.385
"YOL006C"	769	0	-0.2	-8.97	39	0.41025641025641	25.1	46.84
"YOL007C"	341	NA	-2	NA	NA	NA	33.4	66.818
"YOL008W"	207	NA	-2.9	NA	NA	NA	NA	45.515
"YOL009C"	271	NA	-1.7	NA	NA	NA	19.7	14.761
"YOL010W"	367	0	-2.2	-9	56	0.392857142857143	33.6	42
"YOL011W"	686	0	0	-5.1	51	0.411764705882353	33.4	36.801
"YOL012C"	134	0	0	-9	85	0.376470588235294	30.7	218.238
"YOL013C"	551	NA	0	NA	NA	NA	24.2	18.317
"YOL014W"	124	1	0	-10.1	156	0.365384615384615	44.5	5.031
"YOL015W"	586	NA	-1.2	NA	NA	NA	NA	0.09
"YOL016C"	447	0	0	-7.8	26	0.384615384615385	24	43.559
"YOL017W"	714	NA	0	NA	NA	NA	2.8	13.411
"YOL018C"	397	NA	-3.5	NA	NA	NA	27.5	30.005
"YOL019W"	551	NA	0	NA	NA	NA	12.8	38.072
"YOL020W"	592	NA	-0.5	NA	NA	NA	25.9	49.728
"YOL021C"	1001	0	-1.4	-11.6	9	0.555555555555556	27.1	48.091
"YOL022C"	408	NA	0	NA	NA	NA	28.2	63.199
"YOL023W"	676	0	-0.9	-11.2	9	0.555555555555556	25.7	6.602
"YOL024W"	172	NA	-0.1	NA	NA	NA	16.7	0
"YOL025W"	660	NA	0	NA	NA	NA	NA	13.596
"YOL026C"	113	0	-1.3	-12.4	12	0.416666666666667	24.1	138.127
"YOL027C"	573	0	-1.2	-12.8	4	0.75	33.7	92.875
"YOL028C"	245	1	0	-9	218	0.380733944954128	NA	32.039
"YOL030W"	484	0	-1.8	-10.4	63	0.412698412698413	27.8	317.935
"YOL031C"	421	0	0	-12.4	76	0.381578947368421	27.7	42.042
"YOL032W"	246	NA	0	NA	NA	NA	23.9	40.415
"YOL033W"	536	NA	-1.4	NA	NA	NA	28.9	10.934
"YOL034W"	1093	NA	-2.9	NA	NA	NA	NA	4.759
"YOL036W"	761	0	-0.3	-8.7	249	0.365461847389558	17.3	26.321
"YOL038C-A"	31	NA	-1.4	NA	NA	NA	NA	20.557
"YOL038W"	254	0	-0.7	-6.7	35	0.4	23	261.669
"YOL039W"	106	0	0	-7.5	22	0.363636363636364	18.8	6444.802
"YOL040C"	142	0	-0.1	-4.1	53	0.415094339622642	21.9	6961.209
"YOL041C"	459	0	-2.8	-3.2	73	0.383561643835616	29.4	104.262
"YOL042W"	363	0	-1.7	-8.5	51	0.411764705882353	40.9	24.806
"YOL043C"	380	1	0	-11.7	84	0.369047619047619	26.9	3.431
"YOL044W"	383	NA	-1.5	NA	NA	NA	39.1	20.568
"YOL045W"	1101	NA	0	NA	NA	NA	2.8	17.096
"YOL047C"	356	0	-1.9	-6.3	27	0.37037037037037	26.2	0.438
"YOL048C"	342	0	-5	-9.6	49	0.408163265306122	28.4	13.812
"YOL049W"	491	NA	-5.7	NA	NA	NA	NA	91.041
"YOL052C"	396	0	-4.2	-3.6	15	0.333333333333333	34.3	72.952
"YOL052C-A"	61	NA	0	NA	NA	NA	NA	307.709
"YOL053W"	395	NA	-2.3	NA	NA	NA	1.8	13.885
"YOL054W"	406	NA	0	NA	NA	NA	28.7	13.653
"YOL055C"	551	1	0	-9	120	0.358333333333333	NA	13.33
"YOL056W"	303	NA	-0.7	NA	NA	NA	30.6	33.208
"YOL057W"	711	0	-5	-10.7	24	0.333333333333333	28	66.658
"YOL058W"	420	NA	0	NA	NA	NA	25.5	974.042
"YOL059W"	440	NA	0	NA	NA	NA	NA	211.477
"YOL060C"	706	NA	0	NA	NA	NA	6.2	32.091
"YOL061W"	496	0	-4.6	-13.7	58	0.396551724137931	29.7	139.849
"YOL062C"	491	1	-2.9	-11.9	21	0.333333333333333	33.2	26.272
"YOL063C"	957	NA	-1.6	NA	NA	NA	33.6	7.101
"YOL064C"	357	0	0	-3.9	33	0.393939393939394	31.3	183.713
"YOL065C"	384	0	-1.5	-6.3	28	0.392857142857143	38.6	24.593
"YOL066C"	591	NA	-0.3	NA	NA	NA	25.6	18.544
"YOL067C"	177	0	0	-3.9	51	0.411764705882353	NA	46.381
"YOL069W"	451	NA	-5.4	NA	NA	NA	44.5	18.741
"YOL070C"	501	NA	-1.6	NA	NA	NA	20.8	72.667
"YOL071W"	162	NA	-0.2	NA	NA	NA	NA	55.455
"YOL072W"	455	0	0	-10.4	23	0.347826086956522	33.5	12.927
"YOL073C"	322	NA	0	NA	NA	NA	27.8	29.416
"YOL075C"	1294	NA	0	NA	NA	NA	NA	5.524
"YOL076W"	796	0	-5.1	-6.3	23	0.347826086956522	40.5	44.212
"YOL077C"	291	NA	-4.3	NA	NA	NA	NA	180.834
"YOL077W-A"	68	NA	0	NA	NA	NA	NA	272.623
"YOL078W"	1176	NA	0	NA	NA	NA	18.6	8.125
"YOL080C"	289	NA	0	NA	NA	NA	NA	26.181
"YOL081W"	3079	NA	-3.7	NA	NA	NA	5.5	6.208
"YOL082W"	415	NA	-4.5	NA	NA	NA	NA	47.797
"YOL083W"	412	NA	-5.9	NA	NA	NA	26.7	8.001
"YOL084W"	991	NA	-1.7	NA	NA	NA	NA	4.646
"YOL086C"	348	0	0	-1.7	39	0.41025641025641	20.6	13910.296
"YOL086W-A"	90	NA	-4.8	NA	NA	NA	26	64.306
"YOL087C"	1116	NA	-1	NA	NA	NA	18.4	14.275
"YOL088C"	277	0	0	-10.6	34	0.382352941176471	30.4	79.897
"YOL089C"	1030	NA	-2.4	NA	NA	NA	4.1	12.171
"YOL090W"	964	0	-0.1	-3.5	58	0.396551724137931	27.7	47.574
"YOL091W"	609	NA	-2.2	NA	NA	NA	NA	1.305
"YOL092W"	308	0	-1	-4.9	26	0.384615384615385	28.1	171.365
"YOL093W"	293	0	-2.7	-6.7	27	0.37037037037037	39	43.774
"YOL094C"	323	0	-1.7	-8.7	58	0.396551724137931	21.9	60.102
"YOL095C"	706	0	-1.9	-13.5	34	0.382352941176471	24	6.704
"YOL096C"	312	NA	-1.6	NA	NA	NA	30.9	33.127
"YOL097C"	432	0	0	-6.8	26	0.384615384615385	27.9	275.673
"YOL097W-A"	61	NA	-5.1	NA	NA	NA	NA	2.103
"YOL098C"	1037	0	0	-9.5	65	0.4	22.1	69.956
"YOL100W"	1081	NA	0	NA	NA	NA	NA	8.828
"YOL101C"	312	NA	-1.5	NA	NA	NA	NA	10.766
"YOL102C"	230	0	-3.5	-12.7	20	0.3	25.9	50.099
"YOL103W"	609	NA	-2.4	NA	NA	NA	2.4	31.41
"YOL104C"	352	NA	-0.3	NA	NA	NA	NA	0
"YOL105C"	556	NA	-4.4	NA	NA	NA	NA	4.563
"YOL107W"	342	NA	-2.9	NA	NA	NA	35.1	49.633
"YOL108C"	151	0	-3	-5.5	5	0.6	36.2	31.17
"YOL109W"	113	NA	0	NA	NA	NA	NA	2850.278
"YOL110W"	237	0	-2.1	-12.8	37	0.405405405405405	36.3	16.096
"YOL111C"	212	0	-0.2	-5.2	79	0.367088607594937	31.6	158.555
"YOL112W"	492	1	-1	-7.7	112	0.339285714285714	45.5	10.702
"YOL113W"	655	0	-5.4	-7	36	0.416666666666667	35.3	3.566
"YOL114C"	202	NA	-1.1	NA	NA	NA	25.6	9.211
"YOL115W"	584	0	-2.6	-10.3	63	0.412698412698413	27.5	31.721
"YOL116W"	382	NA	-0.4	NA	NA	NA	NA	8.466
"YOL117W"	645	NA	0	NA	NA	NA	NA	8.392
"YOL119C"	501	NA	0	NA	NA	NA	35.8	102.638
"YOL122C"	575	NA	-0.8	NA	NA	NA	NA	31.927
"YOL123W"	534	NA	0	NA	NA	NA	30.2	234.101
"YOL124C"	433	1	0	-8.9	47	0.382978723404255	29.7	46.126
"YOL125W"	476	NA	0	NA	NA	NA	36.2	16.796
"YOL126C"	377	NA	-0.5	NA	NA	NA	NA	204.941
"YOL127W"	142	0	0	-3.9	22	0.363636363636364	20	5940.822
"YOL128C"	375	NA	-1.8	NA	NA	NA	NA	9.869
"YOL129W"	184	NA	0	NA	NA	NA	28.4	257.726
"YOL130W"	859	1	-3.3	-6.8	253	0.371541501976285	32.5	21.262
"YOL131W"	108	NA	-1.1	NA	NA	NA	NA	0.437
"YOL132W"	471	NA	0	NA	NA	NA	NA	1.116
"YOL133W"	121	0	-2.9	-6.5	35	0.4	33	127.332
"YOL135C"	222	0	0	-8	11	0.454545454545455	35.3	35.811
"YOL136C"	397	NA	-1.8	NA	NA	NA	NA	26.847
"YOL137W"	497	0	0	-7.3	57	0.385964912280702	30.1	31.37
"YOL138C"	1341	NA	-2	NA	NA	NA	25.8	5.934
"YOL139C"	213	NA	0	NA	NA	NA	19.8	855.458
"YOL140W"	423	NA	0	NA	NA	NA	NA	68.224
"YOL141W"	695	0	0	-2.5	17	0.294117647058824	1.8	9.256
"YOL142W"	240	0	0	-7	8	0.625	32	73.599
"YOL143C"	169	NA	-1.6	NA	NA	NA	1.4	1069.33
"YOL144W"	484	0	-3	-8.7	12	0.416666666666667	31.2	16.636
"YOL145C"	1077	0	-1.5	-6.7	52	0.423076923076923	28.1	40.767
"YOL146W"	194	NA	0	NA	NA	NA	NA	46.773
"YOL147C"	236	0	0	-8	23	0.347826086956522	39	73.902
"YOL148C"	604	NA	-0.9	NA	NA	NA	19.8	19.91
"YOL149W"	231	0	-2.8	-16.5	20	0.3	33.4	74.075
"YOL151W"	342	0	-1.4	-10.2	28	0.392857142857143	25.6	121.273
"YOL152W"	620	NA	-2.5	NA	NA	NA	6.1	0.257
"YOL154W"	249	NA	0	NA	NA	NA	NA	11.475
"YOL158C"	606	1	0	-7.7	23	0.347826086956522	28.1	44.326
"YOL159C"	171	NA	-0.9	NA	NA	NA	32.1	30.749
"YOL159C-A"	90	NA	-2.6	NA	NA	NA	NA	39.298
"YOL163W"	169	NA	-4.6	NA	NA	NA	NA	0
"YOL164W"	646	NA	0	NA	NA	NA	NA	2.3
"YOR001W"	733	NA	-4	NA	NA	NA	24.3	38.778
"YOR002W"	544	NA	-0.1	NA	NA	NA	30	53.597
"YOR003W"	478	NA	0	NA	NA	NA	NA	5.723
"YOR004W"	254	0	0	-7.6	50	0.42	26.9	59.333
"YOR005C"	944	NA	-1.3	NA	NA	NA	NA	4.137
"YOR006C"	313	0	-0.5	-6.9	41	0.390243902439024	33.3	45.907
"YOR007C"	346	0	-0.4	-7.5	57	0.385964912280702	29.5	489.8
"YOR008C"	378	NA	-0.9	NA	NA	NA	1.2	87.866
"YOR010C"	251	NA	0	NA	NA	NA	NA	2.237
"YOR011W"	1394	9	-1.6	-3.3	974	0.410677618069815	33.7	3.357
"YOR012W"	137	NA	-2.3	NA	NA	NA	NA	18.776
"YOR014W"	757	0	0	-6.6	252	0.369047619047619	32.4	72.546
"YOR016C"	207	NA	-2.3	NA	NA	NA	NA	104.172
"YOR017W"	800	0	-0.1	-6.5	63	0.412698412698413	21	10.132
"YOR018W"	837	NA	0	NA	NA	NA	NA	12.627
"YOR019W"	730	NA	-0.9	NA	NA	NA	NA	1.531
"YOR020C"	106	0	0	-5.6	39	0.41025641025641	24.7	1384.643
"YOR020W-A"	90	1	-0.1	-16.6	184	0.385869565217391	26.8	119.936
"YOR021C"	213	NA	-2.2	NA	NA	NA	37.3	186.309
"YOR022C"	715	NA	-3.1	NA	NA	NA	41.2	10.863
"YOR023C"	566	1	-1.4	-8.7	102	0.343137254901961	36.1	23.264
"YOR025W"	447	NA	-0.5	NA	NA	NA	29	37.571
"YOR026W"	341	NA	-3.9	NA	NA	NA	33.1	14.003
"YOR027W"	589	0	0	-5.1	36	0.416666666666667	29.2	657.492
"YOR028C"	295	NA	-1.3	NA	NA	NA	25.9	40
"YOR030W"	619	NA	-4.6	NA	NA	NA	NA	9.249
"YOR032C"	434	NA	0	NA	NA	NA	NA	0.966
"YOR032W-A"	66	NA	-0.5	NA	NA	NA	NA	0
"YOR033C"	702	0	-0.1	-5.77	72	0.388888888888889	36.2	8.56
"YOR034C"	749	NA	-2.1	NA	NA	NA	42.1	12.585
"YOR035C"	789	NA	-3.1	NA	NA	NA	31	21.758
"YOR036W"	288	NA	-1.6	NA	NA	NA	30	25.373
"YOR037W"	366	NA	0	NA	NA	NA	27.5	14.511
"YOR038C"	875	NA	-4.8	NA	NA	NA	27.9	18.987
"YOR039W"	258	NA	-0.8	NA	NA	NA	0.7	100.091
"YOR040W"	285	NA	-0.7	NA	NA	NA	17.4	22.197
"YOR042W"	411	0	-2.2	-5.6	58	0.396551724137931	31.1	91.142
"YOR043W"	486	0	-1.1	-10.3	405	0.422222222222222	31.8	45.919
"YOR044W"	157	1	-2.2	-7.8	247	0.368421052631579	32.5	34.168
"YOR045W"	61	1	0	-3.7	58	0.396551724137931	23.7	494.156
"YOR046C"	482	0	-0.2	-4.4	43	0.372093023255814	24	215.936
"YOR047C"	444	NA	0	NA	NA	NA	23.7	33.68
"YOR048C"	1006	NA	-1.2	NA	NA	NA	20.2	42.32
"YOR049C"	354	NA	-2	NA	NA	NA	NA	2.497
"YOR051C"	412	0	0	-5.7	21	0.333333333333333	22.6	132.457
"YOR052C"	150	0	0	-8.9	126	0.357142857142857	35.6	207.739
"YOR054C"	674	0	-1.5	-10.7	142	0.359154929577465	22.5	20.493
"YOR056C"	459	NA	-3.7	NA	NA	NA	35.7	45.321
"YOR057W"	395	NA	-2.7	NA	NA	NA	32.1	48.4
"YOR058C"	885	NA	0	NA	NA	NA	19.7	18.717
"YOR060C"	257	NA	-0.1	NA	NA	NA	82	8.156
"YOR061W"	339	NA	0	NA	NA	NA	36	100.255
"YOR062C"	268	NA	-4.9	NA	NA	NA	NA	26.582
"YOR063W"	387	0	-0.2	-2.9	23	0.347826086956522	25.5	5844.477
"YOR064C"	219	NA	-1.2	NA	NA	NA	NA	17.325
"YOR065W"	309	NA	-0.4	NA	NA	NA	7.5	136.237
"YOR066W"	629	0	-2.7	-7.7	1	1	21.6	26.137
"YOR067C"	577	0	-6	-15.3	42	0.380952380952381	25.5	67.583
"YOR068C"	114	NA	-2.6	NA	NA	NA	NA	0
"YOR069W"	675	0	-0.4	-7.1	78	0.371794871794872	32.9	36.205
"YOR070C"	637	NA	-0.1	NA	NA	NA	24.3	20.487
"YOR071C"	598	NA	-0.4	NA	NA	NA	NA	15.322
"YOR073W"	590	NA	-3.5	NA	NA	NA	NA	8.345
"YOR074C"	304	0	-1.7	-5.1	65	0.4	27.7	70.114
"YOR075W"	346	0	-2.7	-8.4	18	0.277777777777778	26.7	31.072
"YOR076C"	747	0	-1.4	-13.1	38	0.394736842105263	25.7	17.037
"YOR077W"	232	NA	-6	NA	NA	NA	24	22.549
"YOR079C"	313	0	0	-14.4	36	0.416666666666667	33.4	32.696
"YOR080W"	732	0	0	-13.3	7	0.714285714285714	26.4	4.945
"YOR081C"	749	NA	-4.9	NA	NA	NA	26	23.89
"YOR083W"	295	1	0	-2.1	76	0.381578947368421	NA	20.96
"YOR084W"	387	NA	-8	NA	NA	NA	9.7	1.079
"YOR085W"	350	0	-0.4	-4.7	61	0.409836065573771	23.7	167.919
"YOR086C"	1186	NA	-0.8	NA	NA	NA	27.3	81.93
"YOR087W"	675	NA	0	NA	NA	NA	NA	38.724
"YOR089C"	210	0	0	-5	78	0.371794871794872	29.2	123.929
"YOR090C"	572	0	-5.3	-14.4	126	0.357142857142857	32.4	37.916
"YOR091W"	345	0	-1.4	-6.6	63	0.412698412698413	32.2	108.978
"YOR092W"	613	NA	0	NA	NA	NA	26.8	24.9
"YOR093C"	1648	NA	-2.8	NA	NA	NA	NA	8.274
"YOR094W"	183	NA	-1	NA	NA	NA	27.7	45.26
"YOR095C"	258	0	0	-4.5	71	0.394366197183099	35.1	115.947
"YOR096W"	190	0	0	-5.8	29	0.379310344827586	17.9	5065.72
"YOR097C"	175	NA	-3.6	NA	NA	NA	32.8	24.995
"YOR098C"	1076	0	-4.5	-15.7	61	0.409836065573771	25.7	42.149
"YOR099W"	393	NA	-0.2	NA	NA	NA	12.6	307.232
"YOR100C"	327	NA	-0.9	NA	NA	NA	NA	1.901
"YOR101W"	309	NA	0	NA	NA	NA	31.7	57.002
"YOR103C"	130	1	-0.7	-1.7	22	0.363636363636364	27.7	197.094
"YOR104W"	282	NA	0	NA	NA	NA	9.1	23.513
"YOR106W"	283	0	-2.2	-3.4	95	0.357894736842105	21.5	25.615
"YOR107W"	309	2	-0.8	-3.8	293	0.385665529010239	17.5	2.507
"YOR108W"	604	0	-5.2	-13.8	31	0.419354838709677	29.9	116.918
"YOR109W"	1107	NA	0	NA	NA	NA	26.3	55.521
"YOR110W"	435	0	0	-2.6	84	0.369047619047619	25.4	28.445
"YOR111W"	232	0	0	-6.5	41	0.390243902439024	32.1	38.749
"YOR112W"	761	0	-1.9	-7.8	71	0.394366197183099	31.1	27.721
"YOR113W"	914	NA	-0.7	NA	NA	NA	26.6	17.49
"YOR114W"	294	0	0	-9.8	99	0.353535353535354	36.6	9.988
"YOR115C"	268	1	-1.3	-4.5	52	0.423076923076923	35.4	43.793
"YOR116C"	1460	0	-2.7	-7.9	215	0.381395348837209	20	43.281
"YOR117W"	434	0	-2.4	-7.6	68	0.382352941176471	28.4	194.603
"YOR118W"	567	NA	-3.2	NA	NA	NA	28.8	18.094
"YOR119C"	484	0	-0.1	-10.5	1	1	32.5	31.859
"YOR120W"	312	2	0	-15.7	86	0.383720930232558	29.5	34.452
"YOR122C"	126	0	0	-9.7	24	0.333333333333333	24.7	1113.455
"YOR123C"	464	NA	-1.3	NA	NA	NA	34.2	72.258
"YOR124C"	1272	NA	0	NA	NA	NA	19.5	54.706
"YOR125C"	233	0	-1.2	-14.1	45	0.377777777777778	25.4	58
"YOR126C"	238	0	-1.5	-10.1	32	0.40625	41.4	41.898
"YOR127W"	1007	NA	-2.6	NA	NA	NA	NA	12.816
"YOR128C"	571	0	0	-2.8	27	0.37037037037037	25.4	82.538
"YOR129C"	893	NA	-6.6	NA	NA	NA	NA	6.284
"YOR130C"	292	0	-0.4	-6.7	59	0.406779661016949	32.6	51.676
"YOR131C"	218	0	-1.7	-11.9	95	0.357894736842105	26.6	58.924
"YOR132W"	551	0	0	-1.2	71	0.394366197183099	29.8	42.483
"YOR134W"	409	NA	0	NA	NA	NA	NA	0.512
"YOR136W"	369	0	0	-6.8	90	0.366666666666667	25.4	356.7
"YOR137C"	622	NA	-0.7	NA	NA	NA	NA	3.069
"YOR138C"	671	0	-1.2	-9.2	66	0.393939393939394	31.5	24.858
"YOR140W"	766	NA	0	NA	NA	NA	NA	15.302
"YOR141C"	881	0	-1.3	-6.1	22	0.363636363636364	25.5	33.355
"YOR142W"	329	NA	-1.8	NA	NA	NA	NA	343.958
"YOR143C"	319	0	-0.8	-12.2	51	0.411764705882353	30.9	31.139
"YOR144C"	791	NA	-5.3	NA	NA	NA	25.4	8.762
"YOR145C"	274	0	-1.2	-11.3	22	0.363636363636364	35.1	170.247
"YOR147W"	622	0	-0.5	-6.5	38	0.394736842105263	23.4	11.592
"YOR148C"	185	NA	-5.2	NA	NA	NA	34.6	22.945
"YOR149C"	516	NA	-3.1	NA	NA	NA	31.9	13.082
"YOR150W"	163	0	0	-12.9	28	0.392857142857143	25.8	99.081
"YOR151C"	1224	NA	0	NA	NA	NA	22.6	98.859
"YOR152C"	256	7	-2.1	-4.4	591	0.414551607445008	34.8	23.559
"YOR153W"	1511	NA	0	NA	NA	NA	1.6	257.002
"YOR154W"	587	NA	-1.8	NA	NA	NA	25.1	10.19
"YOR155C"	450	0	-1.4	-5.6	33	0.393939393939394	29.7	35.58
"YOR157C"	261	0	-1.3	-9.5	38	0.394736842105263	28.3	304.871
"YOR158W"	318	NA	-0.3	NA	NA	NA	28.5	45.547
"YOR159C"	94	0	-2.8	-6.1	45	0.377777777777778	31.9	81.167
"YOR160W"	972	1	-1.9	-7	69	0.376811594202899	20.8	23.182
"YOR161C"	539	2	-0.9	-12.2	166	0.379518072289157	32	60.644
"YOR162C"	810	NA	0	NA	NA	NA	NA	4.215
"YOR163W"	188	0	-2.5	-10.9	38	0.394736842105263	26.2	101.342
"YOR164C"	312	NA	0	NA	NA	NA	29.1	184.684
"YOR165W"	776	0	-1	-9.8	43	0.372093023255814	26.6	75.615
"YOR166C"	458	0	-5.5	-8.8	39	0.41025641025641	38.2	14.336
"YOR167C"	67	0	-0.8	-7.5	13	0.384615384615385	22.4	4267.059
"YOR168W"	809	0	-0.1	-8.1	29	0.379310344827586	25.3	310.15
"YOR171C"	624	NA	-1.3	NA	NA	NA	30.9	48.264
"YOR172W"	786	NA	-4.1	NA	NA	NA	7.3	5.087
"YOR173W"	353	NA	-2	NA	NA	NA	NA	26.213
"YOR174W"	284	NA	-1.1	NA	NA	NA	25.9	25.167
"YOR175C"	619	0	-0.2	-9.4	96	0.364583333333333	31.5	83.157
"YOR176W"	393	NA	0	NA	NA	NA	6.6	146.042
"YOR177C"	464	NA	-3.2	NA	NA	NA	NA	3.398
"YOR178C"	793	NA	0	NA	NA	NA	NA	0.74
"YOR179C"	188	NA	-1.5	NA	NA	NA	NA	30.855
"YOR180C"	271	NA	-1.8	NA	NA	NA	NA	0.946
"YOR181W"	633	NA	0	NA	NA	NA	NA	34.356
"YOR183W"	129	NA	-6.9	NA	NA	NA	35.3	11.959
"YOR185C"	220	0	-0.1	-5.8	59	0.406779661016949	36.2	176.428
"YOR186W"	144	NA	0	NA	NA	NA	NA	1.016
"YOR187W"	437	0	0	-10	85	0.376470588235294	26.4	246.355
"YOR188W"	1137	NA	-2.9	NA	NA	NA	NA	18.356
"YOR189W"	116	NA	-2.6	NA	NA	NA	33.4	73.041
"YOR190W"	445	NA	0	NA	NA	NA	NA	0.708
"YOR191W"	1619	0	-0.6	-9.1	35	0.4	32.8	12.914
"YOR193W"	376	NA	-1.4	NA	NA	NA	32.2	7.348
"YOR194C"	286	NA	-2.9	NA	NA	NA	28	78.241
"YOR195W"	821	0	-0.7	-8.8	71	0.394366197183099	17.3	27.75
"YOR196C"	414	NA	0	NA	NA	NA	32.5	49.804
"YOR197W"	432	0	0	-12.2	17	0.294117647058824	32	168.413
"YOR198C"	470	NA	-0.9	NA	NA	NA	6.7	512.658
"YOR201C"	412	0	-2.6	-12.9	19	0.263157894736842	35.8	31.622
"YOR202W"	220	NA	0	NA	NA	NA	28.5	269.128
"YOR204W"	604	0	0	-6	20	0.3	19.3	710.63
"YOR205C"	556	1	-0.4	-15	9	0.555555555555556	31.8	9.886
"YOR206W"	710	0	0	-6.7	30	0.4	29.1	86.153
"YOR207C"	1149	0	-4.3	-10.3	24	0.333333333333333	30.1	40.911
"YOR208W"	750	0	-2.3	-7.1	167	0.383233532934132	28.4	6.391
"YOR209C"	429	NA	-1.7	NA	NA	NA	NA	168.569
"YOR210W"	70	0	0	-2.7	58	0.396551724137931	30.2	448.493
"YOR211C"	881	1	-1.9	-4.9	192	0.385416666666667	22.5	20.923
"YOR212W"	423	NA	-2.7	NA	NA	NA	27.6	87.416
"YOR213C"	248	NA	-1.8	NA	NA	NA	33.6	23.654
"YOR214C"	236	NA	0	NA	NA	NA	NA	0
"YOR215C"	185	NA	-4	NA	NA	NA	27.2	113.647
"YOR216C"	484	NA	0	NA	NA	NA	NA	34.142
"YOR217W"	861	NA	-2.5	NA	NA	NA	NA	43.543
"YOR219C"	931	0	-0.4	-12.2	51	0.411764705882353	21	18.382
"YOR220W"	265	0	0	-4.5	1	1	28.4	81.175
"YOR221C"	360	0	-0.9	-8.7	53	0.415094339622642	35.5	45.815
"YOR222W"	307	NA	0	NA	NA	NA	45.1	80.229
"YOR223W"	292	NA	-0.2	NA	NA	NA	49.6	29.453
"YOR224C"	146	NA	-2.1	NA	NA	NA	8.9	420.34
"YOR226C"	156	0	0	-3.1	22	0.363636363636364	27.3	305.194
"YOR227W"	1246	1	-2.6	-8.4	233	0.373390557939914	34.9	13.365
"YOR228C"	302	0	0	-7.8	221	0.375565610859729	29.6	19.304
"YOR229W"	467	NA	0	NA	NA	NA	27.2	16.208
"YOR230W"	437	NA	-1.2	NA	NA	NA	13.8	512.39
"YOR231W"	508	1	-1	-11	142	0.359154929577465	28.7	16.083
"YOR232W"	228	0	0	-13	118	0.355932203389831	25.8	308.388
"YOR233W"	800	NA	-1.1	NA	NA	NA	NA	12.265
"YOR234C"	107	0	0	-4.8	32	0.40625	18.5	1996.339
"YOR236W"	211	0	-1.1	-14.7	15	0.333333333333333	32.8	50.454
"YOR237W"	434	NA	-1.7	NA	NA	NA	NA	0.604
"YOR238W"	303	NA	-0.6	NA	NA	NA	27.1	30.313
"YOR239W"	628	NA	0	NA	NA	NA	27.3	156.223
"YOR241W"	548	NA	-3.9	NA	NA	NA	21.5	55.435
"YOR242C"	371	NA	0	NA	NA	NA	NA	0.14
"YOR243C"	676	NA	-3.6	NA	NA	NA	24.3	71.677
"YOR244W"	445	0	-1.5	-8.8	30	0.4	28.3	26.178
"YOR245C"	418	NA	-0.4	NA	NA	NA	NA	30.184
"YOR246C"	330	1	-2.4	-11.1	64	0.40625	35.6	59.359
"YOR247W"	210	0	0	-6	234	0.376068376068376	5.1	817.785
"YOR249C"	685	NA	-1	NA	NA	NA	26.9	8.069
"YOR250C"	445	0	0	-4.8	44	0.363636363636364	34.7	26.414
"YOR251C"	304	NA	0	NA	NA	NA	NA	90.147
"YOR252W"	178	0	0	-4.3	33	0.393939393939394	21	62.642
"YOR253W"	176	0	0	-7.4	20	0.3	36.6	156.536
"YOR254C"	663	NA	-1.6	NA	NA	NA	19	166.361
"YOR255W"	278	NA	0	NA	NA	NA	NA	0
"YOR256C"	809	NA	-1.2	NA	NA	NA	NA	20.901
"YOR257W"	161	NA	0	NA	NA	NA	24.9	75.99
"YOR258W"	217	NA	0	NA	NA	NA	20.8	11.649
"YOR259C"	437	0	0	-6.1	22	0.363636363636364	27.3	188.876
"YOR260W"	578	NA	-0.2	NA	NA	NA	25.4	75.708
"YOR261C"	338	0	0	-7.6	93	0.354838709677419	22.3	252.65
"YOR262W"	347	NA	-4.1	NA	NA	NA	29.2	32.184
"YOR264W"	430	NA	0	NA	NA	NA	26.9	50.092
"YOR265W"	106	0	-0.2	-3	35	0.4	25.8	188.613
"YOR266W"	423	NA	-0.4	NA	NA	NA	25.3	12.506
"YOR269W"	494	0	-0.3	-11	62	0.403225806451613	31.5	6.823
"YOR270C"	840	NA	0	NA	NA	NA	21.8	314.687
"YOR271C"	327	0	0	-4.5	41	0.390243902439024	24.6	184.385
"YOR272W"	460	0	0	-1.7	48	0.395833333333333	31.5	76.862
"YOR273C"	659	0	0	-0.9	85	0.376470588235294	36.2	71.225
"YOR274W"	428	2	0	-17.1	199	0.381909547738693	30.1	15.548
"YOR275C"	661	0	-1.9	-16.2	9	0.555555555555556	27.8	18.316
"YOR276W"	161	0	-0.9	-3.8	61	0.409836065573771	29.3	676.248
"YOR278W"	275	NA	-4.1	NA	NA	NA	35.1	34.53
"YOR279C"	310	NA	-1	NA	NA	NA	29.2	15.832
"YOR280C"	266	NA	-1.3	NA	NA	NA	33.6	57.777
"YOR281C"	286	NA	-1.8	NA	NA	NA	30.2	87.774
"YOR283W"	230	0	0	-4.2	70	0.385714285714286	29.8	105.052
"YOR284W"	243	NA	-2.6	NA	NA	NA	38.1	16.772
"YOR285W"	139	0	-1.9	-7.3	7	0.714285714285714	26.5	502.89
"YOR286W"	149	0	0	-8.5	24	0.333333333333333	30.1	184.676
"YOR287C"	300	0	0	-5.1	23	0.347826086956522	26.3	29.225
"YOR288C"	318	NA	0	NA	NA	NA	31.1	54.981
"YOR289W"	251	1	-1.3	-14.6	32	0.40625	26.9	25.016
"YOR290C"	1703	0	-0.4	-9.4	124	0.354838709677419	35	20.798
"YOR291W"	1472	0	-1	-8.9	152	0.361842105263158	18.6	14.737
"YOR292C"	309	NA	-0.2	NA	NA	NA	29.7	19.892
"YOR293C-A"	49	NA	-1.5	NA	NA	NA	NA	0
"YOR293W"	105	0	-0.5	-5.1	28	0.392857142857143	21	3876.65
"YOR294W"	203	0	0	-8.7	47	0.382978723404255	28.9	128.373
"YOR295W"	228	NA	-2.1	NA	NA	NA	NA	15.798
"YOR296W"	1289	0	-3.8	-9.1	115	0.347826086956522	26.2	7.505
"YOR297C"	192	0	-1.2	-8	27	0.37037037037037	37.4	66.788
"YOR298C-A"	151	NA	-3.1	NA	NA	NA	41.5	1163.348
"YOR298W"	479	NA	-1.3	NA	NA	NA	NA	0
"YOR299W"	746	NA	-5.8	NA	NA	NA	9.1	15.489
"YOR301W"	435	NA	0	NA	NA	NA	38.1	34.11
"YOR302W"	25	NA	0	NA	NA	NA	36	564.423
"YOR303W"	411	NA	0	NA	NA	NA	NA	111.381
"YOR304C-A"	76	0	-3.8	-8.8	2	1	31.7	41.123
"YOR304W"	1120	NA	-0.1	NA	NA	NA	NA	18.535
"YOR305W"	242	NA	-0.9	NA	NA	NA	11.2	16.205
"YOR306C"	521	NA	-1	NA	NA	NA	39.6	0.709
"YOR307C"	453	NA	-0.1	NA	NA	NA	NA	27.355
"YOR308C"	587	0	0	-4.6	29	0.379310344827586	21.7	15.15
"YOR310C"	511	0	0	-9.8	29	0.379310344827586	17.6	403.701
"YOR311C"	290	0	-2.1	-9.3	10	0.5	32.1	77.22
"YOR313C"	338	NA	-0.2	NA	NA	NA	NA	0.46
"YOR315W"	346	NA	0	NA	NA	NA	32.3	59.142
"YOR316C"	439	NA	0	NA	NA	NA	NA	51.014
"YOR316C-A"	69	NA	-4.1	NA	NA	NA	NA	0.635
"YOR317W"	700	0	0	-3.3	70	0.385714285714286	17.9	306.808
"YOR319W"	213	NA	0	NA	NA	NA	41.7	28.207
"YOR320C"	491	0	-2.4	-11.8	108	0.324074074074074	32.9	46.11
"YOR321W"	753	0	-0.2	-7	79	0.367088607594937	30.3	30.768
"YOR322C"	818	NA	-0.1	NA	NA	NA	13.5	23.024
"YOR323C"	456	0	-1.1	-6.27	20	0.3	23.5	372.588
"YOR324C"	602	0	0	-14.8	158	0.367088607594937	38.8	13.551
"YOR326W"	1574	0	0	-6.1	191	0.387434554973822	19.1	75.053
"YOR327C"	115	0	0	-6.2	84	0.369047619047619	23.4	304.72
"YOR328W"	1564	NA	-2.7	NA	NA	NA	41	0.654
"YOR329C"	872	1	0	-10.7	123	0.349593495934959	27.1	21.747
"YOR330C"	1254	0	-3.1	-13.4	12	0.416666666666667	26.3	11.482
"YOR332W"	233	0	0	-7.2	32	0.40625	29.7	1119.015
"YOR334W"	470	NA	-2.3	NA	NA	NA	14.4	6.488
"YOR335C"	958	0	0	-6.8	107	0.327102803738318	21.7	477.551
"YOR336W"	1365	NA	-2.6	NA	NA	NA	23.2	27.699
"YOR337W"	759	NA	-2.5	NA	NA	NA	22.7	13.896
"YOR338W"	363	NA	-3.2	NA	NA	NA	NA	1.721
"YOR339C"	156	NA	-2.6	NA	NA	NA	NA	3.783
"YOR340C"	326	0	-0.8	-12	19	0.263157894736842	28	119.628
"YOR341W"	1664	0	-0.7	-4	126	0.357142857142857	19.5	119.168
"YOR342C"	319	NA	-2.9	NA	NA	NA	29.7	42.167
"YOR344C"	291	0	0	-2.1	133	0.353383458646617	21.4	64.053
"YOR346W"	985	0	-4.2	-9.5	164	0.378048780487805	27.7	13.75
"YOR347C"	506	NA	-1.7	NA	NA	NA	29.9	42.912
"YOR348C"	627	NA	0	NA	NA	NA	NA	1.522
"YOR349W"	1014	0	-0.1	-8.9	25	0.36	27.8	4.807
"YOR350C"	663	NA	0	NA	NA	NA	43.1	8.25
"YOR351C"	497	NA	0	NA	NA	NA	NA	0
"YOR352W"	343	0	0	-5.4	76	0.381578947368421	30.9	30.423
"YOR353C"	791	NA	-1.4	NA	NA	NA	28.2	13.615
"YOR354C"	692	NA	-2.3	NA	NA	NA	NA	32.264
"YOR355W"	522	0	0	-4.6	493	0.411764705882353	13.8	92.472
"YOR356W"	631	0	-3.9	-16.6	28	0.392857142857143	19.4	54.299
"YOR357C"	162	0	-4.5	-11.6	38	0.394736842105263	25.1	115.48
"YOR358W"	242	0	-1.4	-8.1	37	0.405405405405405	34.2	16.205
"YOR359W"	523	NA	0	NA	NA	NA	31.9	23.302
"YOR360C"	526	NA	0	NA	NA	NA	NA	39.625
"YOR361C"	763	NA	-5.2	NA	NA	NA	NA	296.121
"YOR362C"	288	0	0	-4	44	0.363636363636364	31.3	272.671
"YOR363C"	996	NA	-0.5	NA	NA	NA	32.2	9.569
"YOR365C"	703	NA	-2.9	NA	NA	NA	29	0.454
"YOR367W"	200	NA	-4.2	NA	NA	NA	NA	88.945
"YOR368W"	401	NA	-5.2	NA	NA	NA	NA	11.991
"YOR369C"	143	0	0	-6.8	69	0.376811594202899	20.6	6197.175
"YOR370C"	603	NA	0	NA	NA	NA	NA	60.179
"YOR371C"	897	NA	0	NA	NA	NA	NA	11.5
"YOR374W"	519	0	0	-7.9	68	0.382352941176471	23.5	190.553
"YOR375C"	454	0	0	-5.7	58	0.396551724137931	24	656.622
"YOR376W-A"	51	11	-2.8	-8	476	0.411764705882353	29	0
"YOR377W"	525	NA	0	NA	NA	NA	35	7.538
"YOR378W"	515	NA	0	NA	NA	NA	NA	0.717
"YOR380W"	546	NA	0	NA	NA	NA	NA	3.386
"YOR381W"	711	NA	0	NA	NA	NA	NA	0.224
"YOR381W-A"	55	NA	0	NA	NA	NA	NA	0
"YOR382W"	153	NA	0	NA	NA	NA	7.8	112.942
"YOR383C"	204	0	0	0	48	0.395833333333333	33.3	23.93
"YOR384W"	694	NA	0	NA	NA	NA	NA	0.077
"YOR385W"	290	0	0	-11.8	9	0.555555555555556	46.2	22.367
"YOR386W"	565	NA	-0.3	NA	NA	NA	NA	13.29
"YOR387C"	206	NA	0	NA	NA	NA	NA	0
"YOR394C-A"	55	4	-2.7	-2.5	274	0.372262773722628	NA	0
"YPL001W"	374	NA	-2	NA	NA	NA	27.6	39.436
"YPL002C"	233	NA	-0.7	NA	NA	NA	37.8	23.767
"YPL003W"	462	NA	-2.5	NA	NA	NA	36	13.875
"YPL004C"	341	0	0	-5.8	18	0.277777777777778	25.7	761.181
"YPL005W"	606	NA	-3.8	NA	NA	NA	25.5	5.246
"YPL006W"	1170	NA	-0.1	NA	NA	NA	27	38.306
"YPL007C"	588	NA	-4.2	NA	NA	NA	34	13.955
"YPL008W"	861	NA	-2.6	NA	NA	NA	NA	4.714
"YPL010W"	189	0	-3.6	-7.4	47	0.382978723404255	29	336.427
"YPL011C"	353	0	-2.5	-10.4	48	0.395833333333333	36	22.826
"YPL012W"	1228	0	-0.8	-6.1	67	0.388059701492537	23.9	61.277
"YPL013C"	121	0	0	-10	20	0.3	26.3	99.651
"YPL014W"	381	0	-1.6	-10	19	0.263157894736842	37.5	28.201
"YPL015C"	357	NA	-3	NA	NA	NA	34.7	33.217
"YPL017C"	499	NA	0	NA	NA	NA	NA	5.806
"YPL018W"	369	3	-4.2	-15.9	179	0.385474860335196	NA	8.893
"YPL019C"	835	0	-0.8	-10.6	136	0.352941176470588	22.8	37.138
"YPL020C"	621	NA	-1.3	NA	NA	NA	30.2	13.318
"YPL022W"	1100	1	-0.7	-13.1	82	0.365853658536585	39.8	8.093
"YPL023C"	657	0	-0.2	-7.6	132	0.348484848484849	25.8	41.94
"YPL024W"	241	1	-3.1	-10.9	54	0.407407407407407	32.1	17.959
"YPL026C"	502	0	-5.5	-5.6	69	0.376811594202899	30.4	22.041
"YPL027W"	245	NA	-3.9	NA	NA	NA	NA	0.208
"YPL028W"	398	0	0	-3.2	65	0.4	23.7	567.933
"YPL029W"	737	NA	-0.9	NA	NA	NA	34.3	7.729
"YPL030W"	567	0	-0.3	-6.5	57	0.385964912280702	32.2	31.246
"YPL031C"	305	0	-1.7	-7.4	37	0.405405405405405	31.3	71.927
"YPL032C"	825	0	0	-12.9	173	0.38728323699422	29.7	67.72
"YPL033C"	281	NA	-0.8	NA	NA	NA	NA	3.841
"YPL034W"	165	7	-2.9	-12.1	253	0.371541501976285	35.4	3.596
"YPL037C"	157	0	0	-1.5	32	0.40625	23.3	2356.653
"YPL038W"	177	NA	-2.2	NA	NA	NA	30	29.234
"YPL039W"	316	NA	-5	NA	NA	NA	39.8	12.273
"YPL040C"	1002	0	-2.8	-8.8	22	0.363636363636364	24	8.283
"YPL041C"	207	0	-1.4	-17.6	7	0.714285714285714	30.5	13.387
"YPL042C"	555	NA	-4.6	NA	NA	NA	NA	10.856
"YPL043W"	685	0	0	-7.6	58	0.396551724137931	28.1	62.844
"YPL045W"	798	NA	-0.8	NA	NA	NA	26.6	12.763
"YPL046C"	99	1	-0.5	-5.2	58	0.396551724137931	28.3	56.949
"YPL047W"	99	NA	-6.8	NA	NA	NA	NA	42.359
"YPL048W"	415	0	-1	-4	46	0.391304347826087	25.7	576.969
"YPL049C"	452	0	-1.9	-11.3	5	0.6	27.6	80.961
"YPL050C"	395	NA	0	NA	NA	NA	NA	114.785
"YPL051W"	198	1	-1.5	-8.8	44	0.363636363636364	26.6	22.063
"YPL052W"	292	NA	-1.7	NA	NA	NA	28.6	12.875
"YPL053C"	446	0	-1.3	-16.7	79	0.367088607594937	34.8	87.659
"YPL054W"	301	NA	0	NA	NA	NA	NA	3.599
"YPL055C"	332	NA	-1.9	NA	NA	NA	30.5	36.067
"YPL056C"	101	NA	-1.1	NA	NA	NA	35.9	0
"YPL057C"	382	0	-1	-2.4	109	0.330275229357798	29	32.363
"YPL058C"	1511	0	-1.6	-5.4	177	0.389830508474576	24.8	31.858
"YPL059W"	150	NA	-2.2	NA	NA	NA	NA	203.493
"YPL060W"	413	NA	-0.5	NA	NA	NA	35	11.276
"YPL061W"	500	NA	0	NA	NA	NA	23.7	1821.036
"YPL063W"	476	NA	0	NA	NA	NA	20.6	140.996
"YPL064C"	301	NA	-0.1	NA	NA	NA	32.1	21.764
"YPL065W"	242	NA	0	NA	NA	NA	34.1	34.726
"YPL066W"	479	NA	0	NA	NA	NA	NA	12.96
"YPL067C"	198	0	-2.2	-9.1	2	1	44.2	39.054
"YPL068C"	293	NA	0	NA	NA	NA	NA	13.888
"YPL069C"	335	NA	-0.5	NA	NA	NA	34.3	21.053
"YPL070W"	612	0	0	-4.4	125	0.352	31.1	21.822
"YPL071C"	156	1	-1.5	-12.2	47	0.382978723404255	35	22.385
"YPL072W"	499	NA	-1.2	NA	NA	NA	42.5	5.595
"YPL074W"	754	0	-0.3	-8	30	0.4	28.9	13.775
"YPL075W"	785	NA	0	NA	NA	NA	36.8	6.994
"YPL076W"	280	1	-0.2	-7.4	136	0.352941176470588	27.6	14.13
"YPL077C"	240	NA	0	NA	NA	NA	27.9	10.393
"YPL078C"	244	0	-2	-7.5	58	0.396551724137931	26.9	248.108
"YPL082C"	1867	0	0	-9.6	144	0.361111111111111	17.6	14.421
"YPL084W"	844	0	-3.5	-10	58	0.396551724137931	35.2	42.632
"YPL085W"	2195	NA	-0.7	NA	NA	NA	21.6	51.961
"YPL086C"	557	0	-0.3	-5.2	30	0.4	24.1	61.967
"YPL087W"	317	NA	0	NA	NA	NA	32.9	70.646
"YPL088W"	342	NA	-0.5	NA	NA	NA	NA	6.375
"YPL089C"	676	0	-3.4	-4.3	211	0.37914691943128	23.2	10.453
"YPL091W"	483	NA	-0.9	NA	NA	NA	NA	209.839
"YPL092W"	458	0	0	-5.3	145	0.36551724137931	33.9	33.948
"YPL093W"	647	0	0	-8.4	46	0.391304347826087	19.9	103.191
"YPL094C"	274	0	-1	-12.6	19	0.263157894736842	32	163.317
"YPL095C"	456	NA	-3.1	NA	NA	NA	30.2	42.499
"YPL096C-A"	68	NA	-2.7	NA	NA	NA	NA	50.795
"YPL096W"	363	0	-4.6	-2.9	17	0.294117647058824	25.8	26.383
"YPL097W"	492	0	-2.3	-10.2	26	0.384615384615385	19.2	14.662
"YPL098C"	113	NA	0	NA	NA	NA	51.1	227.972
"YPL099C"	182	NA	-0.5	NA	NA	NA	NA	48.776
"YPL100W"	496	0	-0.5	-8.4	78	0.371794871794872	26.5	24.742
"YPL101W"	456	1	0	-9.9	40	0.4	33.2	40.081
"YPL103C"	468	1	-3.5	-11.5	37	0.405405405405405	27.3	14.49
"YPL104W"	658	NA	-1.4	NA	NA	NA	NA	12.104
"YPL105C"	849	NA	-2.6	NA	NA	NA	29.4	40.939
"YPL106C"	693	NA	0	NA	NA	NA	17.1	1289.428
"YPL107W"	248	NA	0	NA	NA	NA	NA	17.895
"YPL108W"	168	NA	0	NA	NA	NA	7.8	24.763
"YPL109C"	657	NA	-3.4	NA	NA	NA	35.9	5.98
"YPL110C"	1223	0	0	-2.9	69	0.376811594202899	27.9	9.925
"YPL111W"	333	0	0	-0.7	47	0.382978723404255	20.3	160.982
"YPL112C"	394	NA	-1.3	NA	NA	NA	28.6	46.662
"YPL113C"	396	NA	-0.5	NA	NA	NA	NA	5.013
"YPL115C"	1128	NA	0	NA	NA	NA	NA	19.547
"YPL116W"	697	NA	0	NA	NA	NA	3.6	24.562
"YPL117C"	288	NA	0	NA	NA	NA	29.1	256.768
"YPL118W"	344	0	-2.3	-5.3	87	0.379310344827586	29.2	69.432
"YPL119C"	617	NA	-0.9	NA	NA	NA	NA	8.162
"YPL119C-A"	87	NA	0	NA	NA	NA	NA	0
"YPL120W"	557	0	-4.1	-13.5	7	0.714285714285714	39.2	12.337
"YPL122C"	513	0	-1.4	-6.4	54	0.407407407407407	24.5	20.659
"YPL123C"	434	NA	-1.2	NA	NA	NA	NA	28.508
"YPL124W"	253	NA	-2.7	NA	NA	NA	32.4	13.929
"YPL125W"	1032	NA	0	NA	NA	NA	32.8	23.932
"YPL126W"	896	0	-1.4	-4.6	37	0.405405405405405	20.7	59.708
"YPL127C"	258	0	0	-2.5	24	0.333333333333333	26.3	224.957
"YPL128C"	562	0	0	-9.5	88	0.375	24.8	35.091
"YPL129W"	244	NA	-2.4	NA	NA	NA	15.1	143.268
"YPL130W"	223	NA	0	NA	NA	NA	NA	0
"YPL131W"	297	0	-0.3	-6.4	20	0.3	23.2	5510.078
"YPL132W"	300	0	0	-4.1	175	0.382857142857143	26.8	19.426
"YPL133C"	446	3	0	-12.7	131	0.351145038167939	34.2	12.708
"YPL134C"	310	NA	-0.1	NA	NA	NA	28.8	17.832
"YPL135W"	165	NA	0	NA	NA	NA	NA	268.199
"YPL137C"	1276	NA	-2.2	NA	NA	NA	NA	23.71
"YPL138C"	353	NA	0	NA	NA	NA	29.7	14.874
"YPL139C"	460	NA	0	NA	NA	NA	32.7	34.605
"YPL140C"	506	NA	0	NA	NA	NA	NA	14.165
"YPL141C"	865	NA	-1.1	NA	NA	NA	NA	12.411
"YPL143W"	107	NA	-0.5	NA	NA	NA	23.6	4230.831
"YPL144W"	148	NA	-2.9	NA	NA	NA	31.2	59.508
"YPL145C"	434	0	-0.7	-9	257	0.373540856031128	28.5	215.863
"YPL146C"	455	NA	0	NA	NA	NA	27.2	59.44
"YPL147W"	870	NA	-2	NA	NA	NA	NA	2.026
"YPL148C"	173	NA	-1.7	NA	NA	NA	47.8	5.74
"YPL149W"	294	NA	-4.1	NA	NA	NA	37.6	7.71
"YPL150W"	901	0	-4.6	-3.6	201	0.383084577114428	25.3	9.61
"YPL151C"	451	2	-3.4	-14.1	39	0.41025641025641	35.8	13.27
"YPL152W"	358	NA	0	NA	NA	NA	30.8	27.171
"YPL152W-A"	32	NA	-1.4	NA	NA	NA	NA	6.712
"YPL153C"	821	1	-1.8	-8.6	119	0.361344537815126	29.8	9.813
"YPL154C"	405	0	0	-9.14	254	0.374015748031496	20.8	655.72
"YPL155C"	706	0	0	-6.3	81	0.37037037037037	24.5	16.121
"YPL156C"	284	NA	0	NA	NA	NA	33.7	10.139
"YPL157W"	315	NA	-1.6	NA	NA	NA	NA	25.277
"YPL158C"	758	NA	0	NA	NA	NA	19.7	31.834
"YPL159C"	253	0	-2.9	-7.8	105	0.333333333333333	33.4	48.046
"YPL160W"	1090	0	0	-3.4	65	0.4	25.8	515.678
"YPL161C"	633	NA	-1.6	NA	NA	NA	27	15.753
"YPL162C"	273	0	-1.9	-7.8	56	0.392857142857143	36.8	28.378
"YPL163C"	260	0	0	-4.8	33	0.393939393939394	30.5	236.908
"YPL164C"	715	1	-1.7	-9.7	52	0.423076923076923	34.8	2.604
"YPL165C"	373	NA	0	NA	NA	NA	NA	0
"YPL166W"	213	NA	-0.1	NA	NA	NA	NA	18.963
"YPL167C"	1504	NA	-1.6	NA	NA	NA	NA	0.716
"YPL168W"	430	NA	-1.5	NA	NA	NA	2.7	9.019
"YPL169C"	599	0	-4	-8.1	37	0.405405405405405	33.5	56.944
"YPL170W"	152	NA	0	NA	NA	NA	27.8	91.018
"YPL171C"	400	NA	0	NA	NA	NA	NA	0.523
"YPL172C"	462	0	0	-12	104	0.336538461538462	30.2	11.828
"YPL173W"	297	0	-0.1	-2.8	47	0.382978723404255	26.5	45.645
"YPL174C"	868	2	-2	-9.2	134	0.358208955223881	23.8	2.954
"YPL175W"	452	0	0	-5.1	44	0.363636363636364	36.5	11.732
"YPL176C"	783	NA	0	NA	NA	NA	NA	28.252
"YPL177C"	306	NA	-4.4	NA	NA	NA	31.7	58.038
"YPL178W"	208	0	0	-5.4	61	0.409836065573771	30.2	149.747
"YPL179W"	549	0	0	-8.3	170	0.388235294117647	37.6	48.119
"YPL180W"	799	NA	0	NA	NA	NA	NA	20.89
"YPL181W"	506	NA	0	NA	NA	NA	33	39.163
"YPL183C"	1013	0	-1.6	-8.2	12	0.416666666666667	23.9	32.78
"YPL183W-A"	93	NA	-1.3	NA	NA	NA	31.9	145.943
"YPL184C"	612	NA	0	NA	NA	NA	2.8	96.033
"YPL186C"	304	NA	0	NA	NA	NA	NA	8.658
"YPL187W"	165	0	0	-2.8	55	0.4	24.6	0.599
"YPL188W"	414	0	0	-9	17	0.294117647058824	28.6	58.526
"YPL189C-A"	68	NA	0	NA	NA	NA	23.3	97.733
"YPL189W"	609	NA	-2.6	NA	NA	NA	NA	0.696
"YPL191C"	360	NA	-5.2	NA	NA	NA	NA	17.054
"YPL192C"	133	NA	0	NA	NA	NA	NA	0.364
"YPL193W"	381	1	-1.1	-8.4	13	0.384615384615385	35.2	19.85
"YPL194W"	612	NA	-3.6	NA	NA	NA	32.1	7.534
"YPL195W"	932	0	-0.8	-13	14	0.357142857142857	23.8	48.088
"YPL196W"	273	0	-5.1	-9.9	41	0.390243902439024	33.4	33.077
"YPL199C"	240	0	-0.9	-10.8	16	0.3125	30.7	137.865
"YPL201C"	461	NA	0	NA	NA	NA	NA	0.456
"YPL202C"	416	0	0	-8.6	55	0.4	31.9	32.588
"YPL203W"	380	NA	-1.3	NA	NA	NA	33.1	51.877
"YPL204W"	494	0	0	-11.3	187	0.390374331550802	33.3	66.734
"YPL206C"	321	0	-1.4	-7	26	0.384615384615385	26.3	113.177
"YPL207W"	810	NA	-1.3	NA	NA	NA	24.7	37.207
"YPL208W"	583	1	0	-7.8	47	0.382978723404255	26.2	27.235
"YPL209C"	367	NA	0	NA	NA	NA	NA	8.23
"YPL210C"	640	NA	0	NA	NA	NA	21.8	89.037
"YPL211W"	181	0	-0.4	-10.2	43	0.372093023255814	25.7	209.585
"YPL212C"	544	0	0	-11	5	0.6	39.3	92.145
"YPL213W"	238	0	-1.8	-7	37	0.405405405405405	25.2	29.072
"YPL214C"	540	1	0	-5.9	57	0.385964912280702	33.2	11.442
"YPL215W"	335	0	0	-6.2	30	0.4	36.2	55.419
"YPL216W"	1102	NA	-0.3	NA	NA	NA	NA	3.066
"YPL217C"	1183	NA	-2.1	NA	NA	NA	17.4	44.153
"YPL218W"	190	0	-0.3	-1.2	68	0.382352941176471	21.5	586.36
"YPL219W"	492	NA	-1.1	NA	NA	NA	43	17.873
"YPL221W"	793	1	-3.3	-8.6	247	0.368421052631579	30.9	37.988
"YPL222W"	688	NA	-0.7	NA	NA	NA	38.4	10.97
"YPL223C"	168	NA	0	NA	NA	NA	NA	11.202
"YPL224C"	484	NA	-0.4	NA	NA	NA	4.6	20.768
"YPL225W"	146	1	0	-6.5	49	0.408163265306122	25.5	569.266
"YPL226W"	1196	0	0	-7.1	30	0.4	24.8	195.325
"YPL227C"	334	NA	0	NA	NA	NA	27.6	52.473
"YPL228W"	549	0	-2.1	-8.8	132	0.348484848484849	20.5	50.718
"YPL229W"	206	1	-0.6	-0.8	21	0.333333333333333	38.4	26.649
"YPL230W"	391	NA	0	NA	NA	NA	NA	5.208
"YPL231W"	1887	0	0	-7.3	38	0.394736842105263	27.5	662.075
"YPL232W"	290	0	0	-8.2	176	0.386363636363636	33	114.854
"YPL233W"	216	0	0	-2.1	66	0.393939393939394	22.4	18.952
"YPL234C"	164	0	-0.7	-9.4	56	0.392857142857143	23.7	619.218
"YPL235W"	471	NA	0	NA	NA	NA	28.3	118.441
"YPL236C"	364	0	-1.6	-5.9	72	0.388888888888889	8.8	14.873
"YPL237W"	285	NA	0	NA	NA	NA	22.7	492.657
"YPL239W"	200	NA	-0.3	NA	NA	NA	25.4	116.834
"YPL241C"	268	0	0	-11	9	0.555555555555556	23.9	25.243
"YPL242C"	1495	1	-1.2	-5.4	36	0.416666666666667	27.7	13.469
"YPL243W"	599	NA	-0.4	NA	NA	NA	32	91.606
"YPL244C"	339	0	-0.2	-10.1	23	0.347826086956522	36.2	25.714
"YPL245W"	454	0	0	-9.9	59	0.406779661016949	32	24.174
"YPL246C"	262	0	-0.9	-8.8	41	0.390243902439024	27.7	138.311
"YPL247C"	523	NA	-4.6	NA	NA	NA	32.7	20.982
"YPL248C"	881	0	-3.9	-8.9	15	0.333333333333333	19.8	0.425
"YPL249C"	894	NA	0	NA	NA	NA	30.6	27.797
"YPL250C"	136	0	0	-2.7	68	0.382352941176471	45.3	268.51
"YPL252C"	172	0	0	-10.5	45	0.377777777777778	30.1	142.542
"YPL253C"	647	NA	-0.8	NA	NA	NA	NA	14.191
"YPL254W"	488	NA	-0.2	NA	NA	NA	26.5	28.586
"YPL255W"	385	NA	-1.3	NA	NA	NA	28.7	9.623
"YPL256C"	545	NA	0	NA	NA	NA	33.9	57.864
"YPL257W"	193	NA	-1.1	NA	NA	NA	NA	14.021
"YPL258C"	551	NA	-2.4	NA	NA	NA	NA	0.479
"YPL259C"	475	NA	-0.5	NA	NA	NA	30.9	36.207
"YPL260W"	551	0	-2.1	-6.2	91	0.362637362637363	18.5	89.954
"YPL262W"	488	NA	0	NA	NA	NA	22	215.419
"YPL263C"	651	0	-3.9	-5.8	20	0.3	33.6	61.071
"YPL264C"	353	NA	0	NA	NA	NA	NA	18.114
"YPL265W"	608	NA	0	NA	NA	NA	23.7	278.615
"YPL266W"	318	NA	0	NA	NA	NA	21.5	84.586
"YPL267W"	209	0	0	-2.8	16	0.3125	30.9	47.041
"YPL268W"	869	NA	-1.6	NA	NA	NA	34	4.856
"YPL269W"	644	0	-1.9	-12	1	1	38.3	4.367
"YPL270W"	773	NA	0	NA	NA	NA	27.2	29.299
"YPL271W"	62	0	0	-6.9	22	0.363636363636364	27.5	601.366
"YPL272C"	517	NA	0	NA	NA	NA	NA	0
"YPL274W"	587	NA	-3.5	NA	NA	NA	NA	152.315
"YPR001W"	486	NA	0	NA	NA	NA	NA	1.949
"YPR002W"	516	NA	-8.2	NA	NA	NA	NA	5.519
"YPR003C"	754	NA	-2.1	NA	NA	NA	NA	14.128
"YPR004C"	344	0	-1.9	-12.9	15	0.333333333333333	26.9	144.751
"YPR005C"	294	NA	0	NA	NA	NA	NA	5.082
"YPR006C"	575	NA	-2.2	NA	NA	NA	NA	11.041
"YPR007C"	680	NA	-0.1	NA	NA	NA	NA	0
"YPR008W"	694	NA	0	NA	NA	NA	NA	27.654
"YPR009W"	268	NA	-3.8	NA	NA	NA	NA	18.741
"YPR010C"	1203	0	-2.3	-12.8	34	0.382352941176471	21.8	155.863
"YPR010C-A"	72	NA	-0.3	NA	NA	NA	NA	134.46
"YPR011C"	326	0	0	-9.7	104	0.336538461538462	39.2	16.205
"YPR013C"	317	NA	-0.4	NA	NA	NA	8.1	9.789
"YPR015C"	247	NA	0	NA	NA	NA	NA	3.51
"YPR016C"	245	0	0	-7.8	93	0.354838709677419	45.2	292.722
"YPR017C"	143	0	-1	-17.3	11	0.454545454545455	32.3	43.642
"YPR018W"	606	1	0	-13.2	91	0.362637362637363	29.8	19.322
"YPR019W"	933	NA	-2	NA	NA	NA	20.5	34.567
"YPR020W"	115	0	0	-5.32	50	0.42	22.4	164.557
"YPR021C"	902	2	0	-10.3	211	0.37914691943128	36.2	9.422
"YPR022C"	1133	NA	-1.9	NA	NA	NA	22.5	13.969
"YPR023C"	401	0	-0.5	-9.9	41	0.390243902439024	30.5	47.444
"YPR024W"	747	NA	-0.6	NA	NA	NA	28.8	65.013
"YPR025C"	393	NA	-5.1	NA	NA	NA	NA	21.262
"YPR026W"	1211	NA	0	NA	NA	NA	NA	9.844
"YPR027C"	277	NA	0	NA	NA	NA	NA	0.371
"YPR028W"	180	NA	0	NA	NA	NA	28.1	845.095
"YPR029C"	832	0	0	-9.7	45	0.377777777777778	29.7	44.069
"YPR030W"	1121	NA	-1.9	NA	NA	NA	NA	0.861
"YPR031W"	748	NA	-4.7	NA	NA	NA	32.8	6.977
"YPR032W"	1033	0	-2.1	-6.4	9	0.555555555555556	31	19.656
"YPR033C"	546	NA	-0.3	NA	NA	NA	NA	363.98
"YPR034W"	477	0	-0.2	-5	48	0.395833333333333	37.7	48.852
"YPR035W"	370	NA	0	NA	NA	NA	NA	1155.607
"YPR036W"	478	NA	-2.5	NA	NA	NA	31.8	493.142
"YPR036W-A"	67	0	0	-2.6	76	0.381578947368421	25.3	3199.318
"YPR037C"	196	NA	-2.1	NA	NA	NA	29.4	50.173
"YPR040W"	356	0	-1.1	-3.9	8	0.625	35.8	28.485
"YPR041W"	405	NA	0	NA	NA	NA	4.1	395.834
"YPR043W"	92	0	-2.7	-8.5	14	0.357142857142857	22.7	3833.437
"YPR045C"	470	0	-3.2	-9.7	59	0.406779661016949	50.7	44.856
"YPR046W"	181	NA	-6	NA	NA	NA	NA	20.656
"YPR047W"	469	NA	-3.7	NA	NA	NA	3.5	12.442
"YPR048W"	623	0	-2.3	-9	25	0.36	31.1	24.425
"YPR049C"	1178	NA	0	NA	NA	NA	24.1	7.701
"YPR051W"	176	NA	-1.8	NA	NA	NA	22.5	87.027
"YPR052C"	93	0	-0.6	-1.8	24	0.333333333333333	24.7	808.145
"YPR054W"	388	NA	-3.5	NA	NA	NA	35	0
"YPR055W"	1065	0	-1	-6.6	53	0.415094339622642	23.4	17.363
"YPR056W"	338	0	-3.1	-9.2	24	0.333333333333333	23.7	31.466
"YPR057W"	341	NA	-1.8	NA	NA	NA	36	15.982
"YPR058W"	307	0	-1.7	-5.9	56	0.392857142857143	29.7	90.825
"YPR060C"	256	0	-0.7	-6.9	60	0.4	23.9	91.242
"YPR061C"	301	NA	-1.7	NA	NA	NA	21.7	7.369
"YPR062W"	158	NA	-2.9	NA	NA	NA	NA	310.115
"YPR063C"	140	0	0	-4.4	33	0.393939393939394	32.2	349.22
"YPR065W"	368	0	0	-3.1	42	0.380952380952381	25.5	79.253
"YPR066W"	299	0	-0.4	-13.2	8	0.625	36.1	7.588
"YPR067W"	185	NA	-4.5	NA	NA	NA	NA	29.964
"YPR068C"	470	2	0	-3.6	51	0.411764705882353	42.7	5.929
"YPR069C"	293	0	0	-2.6	25	0.36	23.6	600.528
"YPR070W"	566	0	-2.2	-6	42	0.380952380952381	37.2	17.472
"YPR071W"	211	0	-8	-10.7	20	0.3	37	12.195
"YPR072W"	560	NA	-1.3	NA	NA	NA	24.4	86.001
"YPR073C"	161	0	-0.5	-5	63	0.412698412698413	25.8	200.393
"YPR074C"	680	0	-0.3	-6.6	66	0.393939393939394	21.2	943.331
"YPR075C"	360	0	0	-7.4	55	0.4	53.1	56.221
"YPR078C"	372	NA	0	NA	NA	NA	NA	0.14
"YPR079W"	381	0	-0.1	-4.6	47	0.382978723404255	29.4	30.802
"YPR081C"	618	0	-1.4	-10	4	0.75	24.8	10.722
"YPR082C"	143	NA	0	NA	NA	NA	31.1	60.008
"YPR083W"	579	0	-0.9	-8.7	25	0.36	40.8	7.403
"YPR084W"	456	NA	-1.8	NA	NA	NA	26.7	9.675
"YPR085C"	443	1	-5.8	-8.9	30	0.4	44.9	5.803
"YPR086W"	345	0	0	-8.8	45	0.377777777777778	38.4	63.972
"YPR088C"	541	0	0	-8.3	37	0.405405405405405	22.7	143.988
"YPR089W"	888	0	-2	-13.2	42	0.380952380952381	32.7	28.945
"YPR091C"	770	0	0	-8.7	44	0.363636363636364	30.4	32.317
"YPR093C"	288	NA	0	NA	NA	NA	NA	10.9
"YPR094W"	107	0	0	-10.7	1	1	26.1	50.624
"YPR095C"	1226	NA	0	NA	NA	NA	NA	8.192
"YPR096C"	100	NA	-1.2	NA	NA	NA	10.6	3.733
"YPR097W"	1073	NA	-0.1	NA	NA	NA	NA	26.878
"YPR098C"	161	NA	-1	NA	NA	NA	27.3	121.951
"YPR100W"	140	2	0	-8.2	39	0.41025641025641	25.2	107.372
"YPR101W"	175	0	-1.9	-9.5	26	0.384615384615385	23.5	50.273
"YPR103W"	287	0	0	-5.1	86	0.383720930232558	28	283.071
"YPR104C"	936	NA	0	NA	NA	NA	7.6	15.2
"YPR105C"	861	NA	-2.6	NA	NA	NA	33.7	17.492
"YPR106W"	443	0	-0.6	-8.1	14	0.357142857142857	26.8	29.608
"YPR107C"	208	1	0	-4.2	85	0.376470588235294	36.3	42.404
"YPR108W"	429	0	-1.9	-7.4	81	0.37037037037037	27.8	176.265
"YPR109W"	294	NA	0	NA	NA	NA	NA	19.801
"YPR110C"	335	0	-0.2	-8.8	11	0.454545454545455	27	234.216
"YPR111W"	564	NA	-2	NA	NA	NA	26.2	14.625
"YPR112C"	887	0	0	-3.8	53	0.415094339622642	23.1	46.748
"YPR113W"	220	0	-0.6	-13.8	14	0.357142857142857	32.4	325.484
"YPR114W"	315	NA	-3.3	NA	NA	NA	28.3	92.902
"YPR115W"	1083	NA	0	NA	NA	NA	NA	12.426
"YPR116W"	277	NA	-2.4	NA	NA	NA	NA	11.123
"YPR117W"	2489	NA	-1.2	NA	NA	NA	NA	1.021
"YPR118W"	411	0	-0.5	-11.2	37	0.405405405405405	29	134.803
"YPR119W"	491	0	0	-9.4	350	0.408571428571429	24.1	54.26
"YPR120C"	435	NA	0	NA	NA	NA	29.9	15.187
"YPR121W"	572	18	-1.1	-8.3	1035	0.406763285024155	NA	0
"YPR122W"	1208	NA	-1.2	NA	NA	NA	NA	13.425
"YPR124W"	406	0	-0.8	-3.9	178	0.387640449438202	18.8	15.713
"YPR125W"	454	0	-1.6	-10.9	97	0.360824742268041	28.5	43.374
"YPR127W"	345	NA	0	NA	NA	NA	30	36.276
"YPR128C"	328	NA	-1	NA	NA	NA	28.2	58.756
"YPR129W"	349	NA	-0.5	NA	NA	NA	24.3	160.637
"YPR131C"	195	0	0	-13	16	0.3125	32.9	69.442
"YPR133C"	410	NA	0	NA	NA	NA	29.2	87.528
"YPR133W-A"	50	NA	0	NA	NA	NA	0.6	678.582
"YPR134W"	268	NA	0	NA	NA	NA	NA	19.124
"YPR135W"	927	0	-2.8	-4.7	58	0.396551724137931	24.4	27.114
"YPR137W"	573	0	-0.5	-1.2	95	0.357894736842105	21.6	45.884
"YPR138C"	489	1	-0.3	-6.2	273	0.36996336996337	36.4	25.623
"YPR139C"	300	0	-0.7	-8.4	59	0.406779661016949	26.7	49.855
"YPR140W"	381	NA	0	NA	NA	NA	27.7	26.968
"YPR141C"	729	0	-0.9	-6.8	96	0.364583333333333	26.9	13.433
"YPR143W"	250	NA	-2.9	NA	NA	NA	25.4	60.427
"YPR144C"	552	0	0	-6.5	24	0.333333333333333	31	33.219
"YPR145C-A"	78	NA	0	NA	NA	NA	NA	10.351
"YPR145W"	572	0	0	-11.1	43	0.372093023255814	23	780.61
"YPR147C"	304	0	0	-9.8	47	0.382978723404255	30.3	57.891
"YPR148C"	435	0	-3.6	-7.7	75	0.373333333333333	31.7	88.468
"YPR149W"	173	0	0	-6.6	184	0.385869565217391	30.5	1805.67
"YPR151C"	206	NA	0	NA	NA	NA	NA	0.978
"YPR152C"	465	NA	-0.6	NA	NA	NA	39.4	14.015
"YPR153W"	140	0	-0.1	-3.3	32	0.40625	28.1	11.814
"YPR155C"	616	0	0	-3.7	67	0.388059701492537	0.4	19.705
"YPR157W"	467	NA	-2.8	NA	NA	NA	NA	2.701
"YPR158W"	252	NA	-2.4	NA	NA	NA	25.2	44.578
"YPR159W"	720	NA	-0.5	NA	NA	NA	NA	148.02
"YPR160W"	902	NA	0	NA	NA	NA	NA	50.133
"YPR161C"	657	NA	0	NA	NA	NA	32.8	24.405
"YPR162C"	529	NA	0	NA	NA	NA	37.4	20.652
"YPR163C"	436	0	0	-4.5	87	0.379310344827586	21.8	572.21
"YPR164W"	1407	0	-1.3	-12.1	12	0.416666666666667	22.1	9.139
"YPR165W"	209	NA	0	NA	NA	NA	NA	605.261
"YPR166C"	115	NA	0	NA	NA	NA	NA	186.057
"YPR167C"	261	NA	-1.9	NA	NA	NA	NA	42.741
"YPR168W"	157	NA	0	NA	NA	NA	NA	34.481
"YPR169W"	492	NA	-0.9	NA	NA	NA	26.3	37.993
"YPR170W-B"	85	NA	-0.7	NA	NA	NA	18.9	672.009
"YPR171W"	576	9	-5.7	-3.8	628	0.414012738853503	28.5	30.496
"YPR172W"	200	0	-0.7	-8.1	31	0.419354838709677	38.4	119.096
"YPR173C"	437	NA	-6.3	NA	NA	NA	NA	60.239
"YPR174C"	221	0	-1	-7.4	34	0.382352941176471	NA	28.861
"YPR175W"	689	1	-1.3	-10.7	30	0.4	30.9	16.355
"YPR176C"	325	0	-3	-2.7	7	0.714285714285714	30.8	43.179
"YPR178W"	465	1	0	-5.4	40	0.4	34.2	16.84
"YPR179C"	655	NA	-1.5	NA	NA	NA	NA	14.265
"YPR180W"	347	NA	-3.8	NA	NA	NA	23.1	44.759
"YPR181C"	768	0	0	-8.3	65	0.4	28.3	228.463
"YPR182W"	86	0	-0.5	-2.1	63	0.412698412698413	28.8	119.306
"YPR183W"	267	0	0	-1.7	38	0.394736842105263	28.8	462.699
"YPR184W"	1536	NA	-0.8	NA	NA	NA	NA	11.5
"YPR185W"	738	NA	-1.3	NA	NA	NA	NA	16.591
"YPR186C"	429	NA	-3.7	NA	NA	NA	27.7	12.459
"YPR187W"	155	0	-0.5	-11.1	9	0.555555555555556	27.9	312.046
"YPR188C"	163	0	-1.3	-8.1	23	0.347826086956522	26.6	113.928
"YPR189W"	1432	NA	0	NA	NA	NA	27.3	36.752
"YPR190C"	654	0	-3.8	-9.5	31	0.419354838709677	25.1	22.89
"YPR191W"	368	0	0	-4.84	61	0.409836065573771	26.8	149.448
"YPR192W"	305	NA	-0.3	NA	NA	NA	NA	0.846
"YPR193C"	156	NA	-3.2	NA	NA	NA	NA	2.522
"YPR194C"	877	NA	-1.5	NA	NA	NA	NA	0.548
"YPR198W"	543	2	-0.2	-9.3	52	0.423076923076923	27.4	35.698
"YPR199C"	294	0	-1.1	-15.2	22	0.363636363636364	38.3	14.895
"YPR200C"	130	NA	-2.3	NA	NA	NA	NA	3.341
"YPR201W"	404	0	-1.3	-4.5	30	0.4	25.4	4.918
